1 val: 0.13473793417215346 0.011169081635716735
2 val: 0.13300402760505675 0.01162903101475481
3 val: 0.13267287909984588 0.010082022018905961
4 val: 0.13260187208652496 0.009880494098346666
5 val: 0.1326431080698967 0.010184645955465272
6 val: 0.13260138034820557 0.009514460365581503
7 val: 0.1331760212779045 0.00912845246704216
8 val: 0.1331091731786728 0.009726916042500535
9 val: 0.13272614032030106 0.009581338068338902
10 val: 0.13215319365262984 0.010303463219167204
11 val: 0.13240161687135696 0.010514791961539543
12 val: 0.13156212419271468 0.01059157383245777
13 val: 0.13156017810106277 0.011027990500996489
14 val: 0.13153045028448104 0.011252785422381076
15 val: 0.13179151713848114 0.01114805599705896
16 val: 0.13045041263103485 0.011648892974983774
17 val: 0.130366350710392 0.011853006464641207
18 val: 0.13036284744739532 0.012213145517512458
19 val: 0.1307511270046234 0.011828695113557663
20 val: 0.13022183179855346 0.01206899076952182
21 val: 0.13008755445480347 0.012573595570635176
22 val: 0.13025636821985245 0.012556148943596397
23 val: 0.12997427582740784 0.011873422562121242
24 val: 0.13028244227170943 0.012854968085207832
25 val: 0.13011850714683532 0.01206631875480123
26 val: 0.12971943914890288 0.011914666631514212
27 val: 0.1294250875711441 0.012729469669951813
28 val: 0.12951128780841828 0.01271864078101909
29 val: 0.1296082392334938 0.01341273184478767
30 val: 0.1297778382897377 0.012109979936335868
31 val: 0.12971250116825103 0.012344356342098189
32 val: 0.1300530955195427 0.012536673686215272
33 val: 0.12910096794366838 0.012163715868382203
34 val: 0.12913482040166854 0.013123196483769058
35 val: 0.12938403338193893 0.01295333526059857
36 val: 0.12942736297845842 0.012229763845725114
37 val: 0.129188834130764 0.01263333308677491
38 val: 0.1302857756614685 0.012971580959725313
39 val: 0.12961323112249373 0.012016265403807581
40 val: 0.12975407391786575 0.011930322736755513
41 val: 0.12854318767786027 0.012991236432330182
42 val: 0.12910834550857545 0.011946387038224772
43 val: 0.12925828397274017 0.013265450308897805
44 val: 0.12950402200222016 0.01320626630874299
45 val: 0.1293601557612419 0.012456116539239847
46 val: 0.12903417646884918 0.012939897643903
47 val: 0.1290769025683403 0.01209455360785662
48 val: 0.12898387461900712 0.012291946941768578
49 val: 0.1293742522597313 0.012472832283313416
50 val: 0.12936621606349946 0.013118567758651938
