1 val: 0.08691704124212266 0.00858037894800246
2 val: 0.08652711361646652 0.009347130097355232
3 val: 0.08415027558803559 0.008967054827716725
4 val: 0.08252709805965423 0.008731845667346425
5 val: 0.08059572279453278 0.008052469108522779
6 val: 0.07899270951747894 0.008290569433833796
7 val: 0.07792428284883499 0.008530083226529591
8 val: 0.07758822441101074 0.00844871905011012
9 val: 0.07722721695899963 0.008505395467513346
10 val: 0.07665453851222992 0.008323305831463242
11 val: 0.07634938806295395 0.008544609830423416
12 val: 0.07658498585224152 0.008714820647814115
13 val: 0.07644139379262924 0.008873605139634545
14 val: 0.07586479783058167 0.008903511862574575
15 val: 0.0758637472987175 0.008878944921565927
16 val: 0.07557729482650757 0.008771768383985305
17 val: 0.07553310096263885 0.009228308822168683
18 val: 0.075269815325737 0.009036219384599208
19 val: 0.07535228133201599 0.008938948901696466
20 val: 0.07514805793762207 0.009185012072781145
21 val: 0.07482763230800629 0.009121975630119978
22 val: 0.07487277984619141 0.00910525873237241
23 val: 0.07480195760726929 0.009314337065805057
24 val: 0.07482980191707611 0.009241471992191901
25 val: 0.07468740493059159 0.009234695170161929
26 val: 0.0747058242559433 0.009125101330216503
27 val: 0.07460856288671494 0.0092361793069561
28 val: 0.07442566454410553 0.009223714206573272
29 val: 0.07440731674432755 0.00924072657388276
30 val: 0.0745188370347023 0.009131436604865558
31 val: 0.07422648966312409 0.009361248168949466
32 val: 0.07425528019666672 0.009538390534372604
33 val: 0.07416902780532837 0.009243052850699525
34 val: 0.07403301000595093 0.00916581909365802
35 val: 0.07403855472803116 0.00932932281892564
36 val: 0.0738920345902443 0.009347728020194068
37 val: 0.07402227967977523 0.009315809564176183
38 val: 0.07388851344585419 0.009217557563969128
39 val: 0.0739828810095787 0.009340245585797838
40 val: 0.07385062426328659 0.009311582319639024
41 val: 0.07363553792238235 0.009291781317178418
42 val: 0.07360716611146927 0.00922135657732913
43 val: 0.07382908165454864 0.009254210135322113
44 val: 0.07367834895849228 0.009292317787208093
45 val: 0.07360958456993102 0.009282895817675703
46 val: 0.07342291176319123 0.009309703666859626
47 val: 0.07356727123260498 0.009360904873889363
48 val: 0.07357116043567657 0.009194949771382003
49 val: 0.07364433854818345 0.009368800816241378
50 val: 0.0733525961637497 0.009264167504235636
51 val: 0.07356768250465393 0.00942317389497083
52 val: 0.07359150797128677 0.009359245867133043
53 val: 0.07345360517501831 0.009508062881960114
54 val: 0.0736829936504364 0.009337827246109055
55 val: 0.0735061913728714 0.009081527266888167
56 val: 0.07339724004268647 0.009481152218100926
57 val: 0.0734442874789238 0.009387779031097271
58 val: 0.07346733212471009 0.009443035073327107
59 val: 0.07357068955898285 0.009350412431742837
60 val: 0.0735499083995819 0.009266869525379456
61 val: 0.0733911007642746 0.009531713344572685
62 val: 0.07346196174621582 0.009547384983888383
63 val: 0.07336876094341278 0.009477540886930974
64 val: 0.0734702318906784 0.009660646497557011
65 val: 0.07355237603187562 0.009459614419233412
66 val: 0.07359266430139541 0.009365570053439588
67 val: 0.07349966615438461 0.00958524855158798
68 val: 0.0734950989484787 0.009508559796667756
69 val: 0.0735983356833458 0.00939793521836464
70 val: 0.07372108846902847 0.009578377556041465
