1 val: 0.13557370007038116 0.011024784176924521
2 val: 0.13373224884271623 0.011893098675439686
3 val: 0.13316166251897812 0.011245085594940201
4 val: 0.13128914833068847 0.012091216123853723
5 val: 0.1306949719786644 0.013216048511840732
6 val: 0.1299705535173416 0.012880723276612507
7 val: 0.13015251308679582 0.012081733414613082
8 val: 0.1298564702272415 0.012956148718858503
9 val: 0.12997627705335618 0.012123390413460566
10 val: 0.1302000492811203 0.012484815598211383
11 val: 0.13022178858518602 0.012272661761696774
12 val: 0.13034109473228456 0.01206900516371087
13 val: 0.13034759610891342 0.012069237458313986
14 val: 0.1300808385014534 0.012464046001575696
15 val: 0.13025756031274796 0.01286583866229521
16 val: 0.12948477566242217 0.012719894388640025
17 val: 0.1293315425515175 0.01317267038234367
18 val: 0.12904341220855714 0.013402095072260608
19 val: 0.12958404570817947 0.013166834347330434
20 val: 0.12868668287992477 0.01362152242077997
21 val: 0.12896537333726882 0.013366316329489118
22 val: 0.1289803594350815 0.013036707302430325
23 val: 0.12898267507553102 0.01261784142930256
24 val: 0.12904902100563048 0.013366322109892
25 val: 0.12871409356594085 0.0129096721762972
26 val: 0.12931491434574127 0.012869674863885858
27 val: 0.12865637838840485 0.013194433068916902
28 val: 0.1286821708083153 0.012890086977776969
29 val: 0.12856775522232056 0.013303332226046278
30 val: 0.1284978747367859 0.01272041069191566
31 val: 0.12837253659963607 0.013023025277441015
32 val: 0.12809052765369416 0.012346749385762747
33 val: 0.1281287133693695 0.012217833928950131
34 val: 0.12806821912527083 0.012784382246080446
35 val: 0.12765930593013763 0.013436931780806582
36 val: 0.12773754298686982 0.012536308914713445
37 val: 0.12723265141248702 0.013074550056881854
38 val: 0.12772586196660995 0.01307131446429873
39 val: 0.12706563472747803 0.012313350387357756
40 val: 0.12744076400995255 0.012930290014154624
41 val: 0.12667328268289565 0.013194403156914811
42 val: 0.12686052471399306 0.011853253484864799
43 val: 0.1268222749233246 0.013010101316191774
44 val: 0.1267558977007866 0.012943650945076015
45 val: 0.12717755138874054 0.012641699666915331
46 val: 0.1268896907567978 0.013177456746907424
47 val: 0.1266151785850525 0.012728019716178094
48 val: 0.12692274302244186 0.012343443181679858
49 val: 0.1262386381626129 0.012235008206466011
50 val: 0.12655962258577347 0.012559164779364104
