1 val: 0.13457177728414535 0.011340133299955835
2 val: 0.12907422482967376 0.011110584674824914
3 val: 0.12695403397083282 0.011598702300269553
4 val: 0.12478529661893845 0.012408789768183411
5 val: 0.12381326407194138 0.012007382173938274
6 val: 0.12195325195789337 0.012282209610872369
7 val: 0.12212264090776444 0.012150419930750217
8 val: 0.12137617319822311 0.012233452971163862
9 val: 0.12139070481061935 0.012315987811333104
10 val: 0.12153671830892562 0.013010708664301991
11 val: 0.12165461778640747 0.012265457105174564
12 val: 0.12109604477882385 0.012396306331104816
13 val: 0.12154532670974731 0.0121428704218444
14 val: 0.12141969949007034 0.012492645649953298
15 val: 0.12151672393083572 0.012130404090325933
16 val: 0.12144468575716019 0.012097745568239206
17 val: 0.12095282971858978 0.012592327636507371
18 val: 0.1211643859744072 0.012574032063284305
19 val: 0.12112403512001038 0.012402393456196856
20 val: 0.12151847779750824 0.01235129185073164
21 val: 0.12050110846757889 0.013129063447695459
22 val: 0.12075062096118927 0.01225255763837528
23 val: 0.12053654044866562 0.012323814677963063
24 val: 0.12077552825212479 0.012686073855408129
25 val: 0.12028362154960633 0.012138597065161039
26 val: 0.12070027738809586 0.012157454998782555
27 val: 0.12015958726406098 0.012632446863336966
28 val: 0.11993740499019623 0.012940978837769438
29 val: 0.1205289527773857 0.012414967760029549
30 val: 0.11998292207717895 0.012431018790284295
31 val: 0.12030876129865646 0.012600558223037723
32 val: 0.11931443512439728 0.012042239229974534
33 val: 0.11959833949804306 0.01210790923424109
34 val: 0.11984666734933853 0.012643777425544758
35 val: 0.12002954483032227 0.012606671027122941
36 val: 0.11997613906860352 0.012132550626241159
37 val: 0.11978692561388016 0.012964877260518296
38 val: 0.11971562653779984 0.012876882722980296
39 val: 0.11996662318706512 0.012405934823409783
40 val: 0.11930933743715286 0.01267494866933847
41 val: 0.11930998563766479 0.012722195301960016
42 val: 0.11900066584348679 0.012597955759376474
43 val: 0.11928969472646714 0.012870162592328555
44 val: 0.11945210546255111 0.01240792600409583
45 val: 0.11887263506650925 0.012460914802854701
46 val: 0.11890914440155029 0.012281714057289757
47 val: 0.11934047937393188 0.01297392947664854
48 val: 0.11862535625696183 0.012076087449181223
49 val: 0.11898116022348404 0.012160107742529768
50 val: 0.11923653036355972 0.012222455642071167
