1 val: 0.09307409077882767 0.00887382511437708
2 val: 0.09216885268688202 0.008987578432338689
3 val: 0.09092116802930832 0.009739940831111581
4 val: 0.09145335257053375 0.01086368382183547
5 val: 0.08969075530767441 0.011714727520782077
6 val: 0.08775158524513245 0.011125744864596684
7 val: 0.08612149804830552 0.011840577473200888
8 val: 0.0840951755642891 0.011000750498797951
9 val: 0.08257167339324951 0.01109773207980189
10 val: 0.08155085295438766 0.011207606646832251
11 val: 0.08033808469772338 0.011002192490784584
12 val: 0.07887243777513504 0.010340956086579825
13 val: 0.07768061608076096 0.010328645315757851
14 val: 0.07684139907360077 0.01020877340637458
15 val: 0.07633425891399384 0.009886466683734076
16 val: 0.07539507597684861 0.010174334401817932
17 val: 0.07502890229225159 0.010151854890027689
18 val: 0.07459305971860886 0.009776330523102002
19 val: 0.07440403252840042 0.009808070447503403
20 val: 0.07371642738580704 0.010032343711236442
21 val: 0.07335579991340638 0.009865704488557222
22 val: 0.07324124425649643 0.009835838083205208
23 val: 0.0732334941625595 0.009646990855588185
24 val: 0.07283764779567718 0.009905715512187217
25 val: 0.0726202204823494 0.010185255583871513
26 val: 0.0726310893893242 0.009439540997230676
27 val: 0.07229381501674652 0.009572506702206083
28 val: 0.07182193547487259 0.009734581209195474
29 val: 0.07208500951528549 0.009632466241431397
30 val: 0.07178435325622559 0.009719620665713921
31 val: 0.0719227746129036 0.009779677821436312
32 val: 0.07134168893098831 0.009516618756457918
33 val: 0.07152975797653198 0.00971926673371619
34 val: 0.0714325726032257 0.00962029315517944
35 val: 0.071223683655262 0.009520001728614596
36 val: 0.07100113481283188 0.009625891852117019
37 val: 0.07108167111873627 0.00943006681069641
38 val: 0.07071114927530289 0.009591180304066258
39 val: 0.07132232487201691 0.009662821727651672
40 val: 0.070792755484581 0.00937301898766176
41 val: 0.0705858513712883 0.009564618443396889
42 val: 0.0706371858716011 0.009372786266158378
43 val: 0.07066740393638611 0.009537610899201831
44 val: 0.07038013935089112 0.009309318787351634
45 val: 0.07033670544624329 0.009565656859086714
46 val: 0.0704265609383583 0.009460887150955373
47 val: 0.0703322172164917 0.009646772700741157
48 val: 0.07040577083826065 0.009528680223545416
49 val: 0.07019004970788956 0.009264195300370922
50 val: 0.07008530795574189 0.009510268135584195
51 val: 0.06996099501848221 0.009677148927128976
52 val: 0.07001612186431885 0.009379228360054127
53 val: 0.07027450799942017 0.009520723489580682
54 val: 0.07011094391345978 0.009635874559085754
55 val: 0.0700076162815094 0.009379701492887917
56 val: 0.07003339529037475 0.009481659905718538
57 val: 0.0698724403977394 0.009621711576223897
58 val: 0.06992914378643036 0.009478245779673045
59 val: 0.06997591257095337 0.009471009607119258
60 val: 0.06977332532405853 0.009502608843627334
61 val: 0.06999481767416 0.009318446449869592
62 val: 0.06991509869694709 0.009707397586134843
63 val: 0.06976096630096436 0.00940835138791749
64 val: 0.06963347867131234 0.009468687167126637
65 val: 0.0695788323879242 0.009425483839052444
66 val: 0.06966656297445298 0.009498491388760676
67 val: 0.0697047159075737 0.009594647315925154
68 val: 0.06956537365913391 0.009631445082561769
69 val: 0.06956529840826989 0.009501414496820024
70 val: 0.06943859830498696 0.009546572409805689
