1 val: 0.09557855874300003 0.007339721318101028
2 val: 0.09482221603393555 0.007536386731169611
3 val: 0.09381734877824784 0.007931125606490508
4 val: 0.09362708777189255 0.007794181009927284
5 val: 0.09376131147146224 0.007468230357865834
6 val: 0.09412195235490799 0.007591926062794742
7 val: 0.09315853118896485 0.008727895374625233
8 val: 0.09280475676059723 0.009571543183112935
9 val: 0.09228278696537018 0.009108246651065095
10 val: 0.09135641902685165 0.00949959545982275
11 val: 0.09173241555690766 0.009935726128738586
12 val: 0.09053325206041336 0.009769477227200275
13 val: 0.08925730288028717 0.009816408814472712
14 val: 0.08855451792478561 0.009932213344866075
15 val: 0.08796883076429367 0.010015524988048263
16 val: 0.08693702220916748 0.009393051999715091
17 val: 0.08623525053262711 0.009470114028442517
18 val: 0.08567477315664292 0.00925472699541455
19 val: 0.085107983648777 0.00910619038653913
20 val: 0.0843734472990036 0.009135555870035846
21 val: 0.0838195264339447 0.00949795828453574
22 val: 0.08332327455282211 0.009188918054737514
23 val: 0.08271388113498687 0.009341989267015023
24 val: 0.08244855850934982 0.00944423820903634
25 val: 0.08247774988412857 0.009264936714318672
26 val: 0.08215649724006653 0.009244366721054154
27 val: 0.0817206233739853 0.009205366971806739
28 val: 0.08160860389471054 0.009215540045203302
29 val: 0.08157996386289597 0.009279660515773756
30 val: 0.08134189993143082 0.009359116925100221
31 val: 0.08133113831281662 0.008729449476124305
32 val: 0.08068836629390716 0.009371196769951871
33 val: 0.08100651651620865 0.009152839261587855
34 val: 0.08086148053407669 0.00920091874435701
35 val: 0.08068371266126632 0.009335978106838835
36 val: 0.08041547536849976 0.009147689623749474
37 val: 0.0803791955113411 0.009522891808531423
38 val: 0.08032259047031402 0.009094551788142703
39 val: 0.08021718263626099 0.009400085606082374
40 val: 0.0802167147397995 0.00941253278683216
41 val: 0.07999839782714843 0.009197834879970007
42 val: 0.08002133220434189 0.009507774429680895
43 val: 0.07996765673160552 0.009391564522588228
44 val: 0.07982187271118164 0.009694601532083926
45 val: 0.07976430505514145 0.009870024094396933
46 val: 0.07951733618974685 0.009307863693577882
47 val: 0.07956798225641251 0.009807880075680122
48 val: 0.07967476546764374 0.009437955057239026
49 val: 0.07968505471944809 0.009340300409394034
50 val: 0.07926604151725769 0.00951846424312556
51 val: 0.07935181707143783 0.009620833635869712
52 val: 0.07924430966377258 0.009501856349856602
53 val: 0.07924968749284744 0.009543220866691161
54 val: 0.07899200767278672 0.009267789586337307
55 val: 0.07910209894180298 0.009248509190541283
56 val: 0.07915774285793305 0.009335158056473709
57 val: 0.07926684319972992 0.009529405231689398
58 val: 0.07896313667297364 0.009489724792473772
59 val: 0.0790650874376297 0.009487828907224948
60 val: 0.07900659441947937 0.009631025532741581
61 val: 0.07876059263944626 0.009575625464691588
62 val: 0.07866795957088471 0.00949158127930432
63 val: 0.0788792297244072 0.009558787268642658
64 val: 0.07896958887577057 0.009422941972998339
65 val: 0.07876301705837249 0.009354240750472729
66 val: 0.07883246392011642 0.00943585932546894
67 val: 0.07868021130561828 0.009433767384656379
68 val: 0.07882528454065323 0.009448978274273143
69 val: 0.07882707864046097 0.009609533993438774
70 val: 0.07879183441400528 0.009497083215554118
