1 val: 0.1337293803691864 0.011357338676139108
2 val: 0.13107803016901015 0.011567404796898426
3 val: 0.13070346862077714 0.012070680667626527
4 val: 0.13017293363809584 0.01195122272768581
5 val: 0.1298158124089241 0.011800090235488215
6 val: 0.12984884530305862 0.011521192123649318
7 val: 0.13030904680490493 0.010910672698956783
8 val: 0.1302965149283409 0.01187902202808796
9 val: 0.13001580834388732 0.01090171078273517
10 val: 0.13024463951587678 0.01190917961034178
11 val: 0.13082038462162018 0.011367007494255617
12 val: 0.1307387486100197 0.011363699455363127
13 val: 0.13087366372346879 0.01209944822552533
14 val: 0.13037584871053695 0.01253289995278104
15 val: 0.1299273505806923 0.012462847671642673
16 val: 0.1290779322385788 0.011680040999141307
17 val: 0.1290615528821945 0.012515107818416612
18 val: 0.12865906655788423 0.01216750862336309
19 val: 0.1290571868419647 0.012532817746163133
20 val: 0.1285913810133934 0.012681766718995499
21 val: 0.12893366068601608 0.013273381385567972
22 val: 0.12834228724241256 0.012680740827202231
23 val: 0.12860229462385178 0.012918334417422496
24 val: 0.1289044961333275 0.013749196353588577
25 val: 0.12844448536634445 0.0128789117804591
26 val: 0.12809248119592667 0.012889743478845571
27 val: 0.1277883157134056 0.013152965291268033
28 val: 0.12828004360198975 0.012768843622247311
29 val: 0.12831574380397798 0.013243660834946575
30 val: 0.12853683084249495 0.013505088340093358
31 val: 0.12811358869075776 0.013675762539828508
32 val: 0.12836321145296098 0.013418990756693764
33 val: 0.12858846187591552 0.01219720306357756
34 val: 0.1276571810245514 0.013546361216096692
35 val: 0.1282144695520401 0.01315060998543872
36 val: 0.1285054787993431 0.012432600633884109
37 val: 0.1280055522918701 0.012544815718433923
38 val: 0.12796257734298705 0.01297206989068081
39 val: 0.12853022664785385 0.012514336230664771
40 val: 0.12779590338468552 0.012882423551273847
41 val: 0.12780541330575942 0.012817221267800058
42 val: 0.1283971756696701 0.012387711512547587
43 val: 0.12835208028554917 0.012776682868153769
44 val: 0.12815598845481874 0.012513397708349685
45 val: 0.12782371789216995 0.012540363140787956
46 val: 0.12740905880928038 0.013350726480060313
47 val: 0.12769145667552947 0.012332232171069579
48 val: 0.1279727876186371 0.01249775222070548
49 val: 0.12826806902885438 0.01286212911882495
50 val: 0.12820993661880492 0.012927636255754748
