1 val: 0.13845554888248443 0.006842540931139386
2 val: 0.13896961510181427 0.008776841287198398
3 val: 0.13799259662628174 0.009298534804158444
4 val: 0.13609132170677185 0.010511723206290883
5 val: 0.13450527042150498 0.011299125937579018
6 val: 0.1333397790789604 0.011521487305504917
7 val: 0.13303858041763306 0.011393670210593235
8 val: 0.13223192542791368 0.011801576456528575
9 val: 0.13167163729667664 0.01192648350280536
10 val: 0.1313471332192421 0.012428174485228202
11 val: 0.13059564232826232 0.012449667529371699
12 val: 0.12997104078531266 0.012271586663770864
13 val: 0.1299784630537033 0.01214299384341938
14 val: 0.1293663576245308 0.012508020612138975
15 val: 0.12904515862464905 0.012135908122332796
16 val: 0.1283951848745346 0.01262775606245281
17 val: 0.1284076988697052 0.012199104268843247
18 val: 0.12863498479127883 0.012336786091873565
19 val: 0.12820205986499786 0.012284125302162335
20 val: 0.12801255583763121 0.012039048811923725
21 val: 0.12828077375888824 0.01247384340617855
22 val: 0.12776720225811006 0.012017119980479819
23 val: 0.12782939672470092 0.012615328715658349
24 val: 0.12786087840795518 0.012728404183487448
25 val: 0.12743968069553374 0.012784875265093865
26 val: 0.12732557356357574 0.012489765719979345
27 val: 0.1271783635020256 0.012244098381043341
28 val: 0.12731826305389404 0.012575911565055747
29 val: 0.12655167281627655 0.01202313431914452
30 val: 0.12694335877895355 0.01306087417039573
31 val: 0.12666414976119994 0.011898666779017405
32 val: 0.1262382373213768 0.012565469207311417
33 val: 0.12582803070545195 0.01195495196134061
34 val: 0.12607163488864898 0.012148156202163182
35 val: 0.12587960809469223 0.01189864927772175
36 val: 0.12554189413785935 0.012080030658201547
37 val: 0.12512126117944716 0.01201624088816321
38 val: 0.12549530118703842 0.01123108310211219
39 val: 0.12490134090185165 0.011312075839064612
40 val: 0.12533359080553055 0.01194571959183819
41 val: 0.1250147268176079 0.012414524005755146
42 val: 0.12496144473552703 0.011535676776716892
43 val: 0.1250570833683014 0.012045366819147637
44 val: 0.1247876077890396 0.011972582144038735
45 val: 0.12468634843826294 0.011844714016141195
46 val: 0.12461609840393066 0.011853082409764055
47 val: 0.12456750720739365 0.011776371466697688
48 val: 0.1241624265909195 0.011974620906796954
49 val: 0.12458676844835281 0.011963462335209283
50 val: 0.12440762370824814 0.011716012560499567
