1 val: 0.13189267963171006 0.011249541164954293
2 val: 0.1258695363998413 0.011767021520805292
3 val: 0.124076509475708 0.012142470997554963
4 val: 0.1221455991268158 0.011722102026656077
5 val: 0.12167394012212754 0.011603965374772679
6 val: 0.12005590051412582 0.01158652756615943
7 val: 0.12035144567489624 0.011944294205066572
8 val: 0.11964480578899384 0.012243345653160724
9 val: 0.11925107836723328 0.012129389247335315
10 val: 0.11871585994958878 0.011150573884270964
11 val: 0.11849363297224044 0.011391837209021309
12 val: 0.11845937371253967 0.011902872462070405
13 val: 0.11788313537836075 0.011269881987955596
14 val: 0.11800715625286103 0.011355056980413048
15 val: 0.11782601475715637 0.011768963731988394
16 val: 0.11783557087182998 0.01152792641054114
17 val: 0.11773899793624878 0.011852055737702857
18 val: 0.11733070164918899 0.011664641796699628
19 val: 0.11731276512145997 0.011608538856921783
20 val: 0.11735172122716904 0.01178312855504625
21 val: 0.11718043982982636 0.011766037875517776
22 val: 0.11720402538776398 0.011329663611963334
23 val: 0.11766527444124222 0.011904683821402126
24 val: 0.11732729226350784 0.011850451316103057
25 val: 0.1175127774477005 0.011559783146764938
26 val: 0.11777894347906112 0.011708682999322052
27 val: 0.11743919402360917 0.012047012584108742
28 val: 0.1179021343588829 0.011787922597879598
29 val: 0.11748055964708329 0.011868404620449063
30 val: 0.11755139529705047 0.012213434472796788
31 val: 0.11758239567279816 0.011955250212229627
32 val: 0.11716931760311126 0.011566904403903473
33 val: 0.11738591194152832 0.011779392574632468
34 val: 0.11755800247192383 0.011781063162829683
35 val: 0.11744566559791565 0.011691056055529505
36 val: 0.11715378314256668 0.011571091052752502
37 val: 0.1169886201620102 0.011196591754197639
38 val: 0.11747252047061921 0.011950334132235346
39 val: 0.11725006401538848 0.011691798696497164
40 val: 0.11742092072963714 0.011563323211402242
41 val: 0.11726455241441727 0.01231188815763198
42 val: 0.11715009659528733 0.011741862727563267
43 val: 0.11723851263523102 0.011974898736458699
44 val: 0.1170903280377388 0.011698774532379011
45 val: 0.11708497554063797 0.011698431783249176
46 val: 0.11720383167266846 0.012070899891625176
47 val: 0.1169558122754097 0.011675480505348878
48 val: 0.11685648113489151 0.01135996038945557
49 val: 0.1170746773481369 0.011553732212616324
50 val: 0.11692954748868942 0.01155198279598316
