1 val: 0.09321659803390503 0.008657900763280322
2 val: 0.09260868579149246 0.008938828502794278
3 val: 0.09213944375514985 0.0089304920372639
4 val: 0.09202734977006913 0.008778779562171974
5 val: 0.09304795116186142 0.0074976721524507555
6 val: 0.09124160557985306 0.00880176692113301
7 val: 0.09040364027023315 0.009040601109228252
8 val: 0.08959734290838242 0.009497472629140963
9 val: 0.08773287981748581 0.009441169096666169
10 val: 0.08729847073554993 0.00981369763975883
11 val: 0.08660900890827179 0.009799000501639848
12 val: 0.08573566675186158 0.009752255653482807
13 val: 0.08480600565671921 0.009562346595618377
14 val: 0.08402855843305587 0.009467497364810763
15 val: 0.08379311263561248 0.009674630543205344
16 val: 0.08293163031339645 0.009785465973579151
17 val: 0.08264459073543548 0.009802826573125874
18 val: 0.08230240792036056 0.009812829896050824
19 val: 0.08222235292196274 0.00933714675266837
20 val: 0.08143771290779114 0.009915500837564645
21 val: 0.08128760159015655 0.009785321171461844
22 val: 0.08088658154010772 0.00946126406697084
23 val: 0.08117955774068833 0.00962551630081216
24 val: 0.08047775328159332 0.009358374444742476
25 val: 0.08081155121326447 0.009449037267426937
26 val: 0.08056547045707703 0.009392540234152128
27 val: 0.0802137389779091 0.00932269720219493
28 val: 0.07992434799671173 0.009078997912479281
29 val: 0.08006698191165924 0.009042866983367715
30 val: 0.07983543276786804 0.009428211587860074
31 val: 0.07976664155721665 0.009132856237973653
32 val: 0.07980338037014008 0.00919310260751293
33 val: 0.07955024093389511 0.009257003874242916
34 val: 0.07952743172645568 0.009032111559305939
35 val: 0.07932225614786148 0.009297105437993428
36 val: 0.07932949215173721 0.00921597928165754
37 val: 0.07926575839519501 0.00928608511179762
38 val: 0.07890758514404297 0.009126303629282323
39 val: 0.0790774330496788 0.009168510158039845
40 val: 0.07879309356212616 0.009090176391338503
41 val: 0.07899234145879745 0.008947314591571642
42 val: 0.0785767525434494 0.008952098409869784
43 val: 0.07881583422422409 0.009201185612460324
44 val: 0.0784380167722702 0.00921519008502664
45 val: 0.07869944572448731 0.009368914351279765
46 val: 0.07836570590734482 0.00918875738384131
47 val: 0.07849405556917191 0.00943944146316679
48 val: 0.0783089816570282 0.009086885355128574
49 val: 0.0783856213092804 0.009219092548381823
50 val: 0.07824668288230896 0.009042395688482769
51 val: 0.07809048146009445 0.008958472243714363
52 val: 0.07834867388010025 0.00910897421135646
53 val: 0.07826841920614243 0.009121890412250878
54 val: 0.07804024666547775 0.009119940489061677
55 val: 0.07815956026315689 0.00908847603225523
56 val: 0.07799283117055893 0.009256748358587702
57 val: 0.0780113011598587 0.009311966040711137
58 val: 0.07785025537014008 0.009273556977293283
59 val: 0.07807891964912414 0.009161931718572765
60 val: 0.07799537777900696 0.009396404785374984
61 val: 0.07780374735593795 0.009249079259509262
62 val: 0.07794302254915238 0.009403263565325667
63 val: 0.0777873769402504 0.009135842807612336
64 val: 0.0778828278183937 0.009319090127740908
65 val: 0.07825222015380859 0.00928659645038354
66 val: 0.07783135026693344 0.009443541550169991
67 val: 0.07782680541276932 0.009464628682961202
68 val: 0.07786410003900528 0.009439213317578727
69 val: 0.07807331085205078 0.00928676458346458
70 val: 0.07780066281557083 0.009304856953164178
