1 val: 0.089748814702034 0.008472374165574635
2 val: 0.08834669888019561 0.008607858545848415
3 val: 0.0881909191608429 0.008816286684420657
4 val: 0.08670309036970139 0.009861128351744177
5 val: 0.08544697612524033 0.010215253212057867
6 val: 0.08383657038211823 0.009462001531892777
7 val: 0.08235865384340287 0.009684744476403492
8 val: 0.08177809715270996 0.009739077845171662
9 val: 0.08129304349422455 0.0102378911553577
10 val: 0.08035462945699692 0.00986721413345285
11 val: 0.07939417511224747 0.009090410859561263
12 val: 0.07919929176568985 0.009127635042196271
13 val: 0.07897101640701294 0.008877936686327385
14 val: 0.07847496271133422 0.008906816933476969
15 val: 0.07785232365131378 0.008837175476025914
16 val: 0.07754004001617432 0.008443802742609105
17 val: 0.07726835161447525 0.008834916328641418
18 val: 0.07707125246524811 0.008676808905112066
19 val: 0.07737148702144622 0.008520839846361107
20 val: 0.07679674923419952 0.00896473927347526
21 val: 0.07679361701011658 0.008691238426598889
22 val: 0.07620694190263748 0.008776719606855398
23 val: 0.07636643648147583 0.008677539491361397
24 val: 0.07609664797782897 0.00865670155573311
25 val: 0.07619260847568513 0.008799149887813155
26 val: 0.07617416679859161 0.008796111169035534
27 val: 0.07598529458045959 0.008619568939460307
28 val: 0.07593308240175248 0.008796035171567613
29 val: 0.0756741851568222 0.008930888234615438
30 val: 0.07561243623495102 0.008848121284802786
31 val: 0.0754826083779335 0.008669911530646742
32 val: 0.07552954107522965 0.008718463476928746
33 val: 0.07535995543003082 0.00887710558200824
34 val: 0.07549361735582352 0.008729277912984387
35 val: 0.07525594234466552 0.008932692339468164
36 val: 0.07512286305427551 0.008746810619363082
37 val: 0.07531547099351883 0.008681410031963677
38 val: 0.0754014641046524 0.008820491901794483
39 val: 0.07520444542169571 0.008828879251384564
40 val: 0.07516971975564957 0.00864688067234574
41 val: 0.07496721744537353 0.008855309169848644
42 val: 0.07497526109218597 0.008701717486881753
43 val: 0.07510489225387573 0.008771809396748815
44 val: 0.07501992881298065 0.0088776848334671
45 val: 0.07467862963676453 0.008893208900517324
46 val: 0.07480783611536027 0.00879106127372748
47 val: 0.07467306107282638 0.009009605304890818
48 val: 0.0750129833817482 0.009090820114374622
49 val: 0.07500780820846557 0.008907580721397756
50 val: 0.07500992864370346 0.00892113865550188
51 val: 0.07476105093955994 0.008966626279212506
52 val: 0.07472604364156724 0.009127218096136492
53 val: 0.07481109797954559 0.008863598356763825
54 val: 0.07478619664907456 0.008985578351499848
55 val: 0.07489191442728042 0.0088724501251027
56 val: 0.07474681884050369 0.008904735298022676
57 val: 0.07467008531093597 0.009028442549830911
58 val: 0.07460860460996628 0.009041850262577847
59 val: 0.07481129467487335 0.009073863894441465
60 val: 0.07486697882413865 0.008850867903938676
61 val: 0.07475895136594772 0.008994306715376125
62 val: 0.0746276780962944 0.009027846456396565
63 val: 0.07460657060146332 0.008948859971767873
64 val: 0.07461629658937455 0.009107622641784737
65 val: 0.07492649257183075 0.009002500324208679
66 val: 0.07448946833610534 0.008855441377842053
67 val: 0.07456717938184738 0.009009192942818649
68 val: 0.07453975379467011 0.008902439261464863
69 val: 0.07436497658491134 0.008897171974897854
70 val: 0.07463831603527069 0.008855253021164059
