1 val: 0.13677514791488649 0.011026527723902701
2 val: 0.13398154228925704 0.012143403000314287
3 val: 0.13357506990432738 0.011304922018911819
4 val: 0.13138368725776672 0.011945922181483397
5 val: 0.13085469752550125 0.012220455126126756
6 val: 0.12995000332593917 0.012519807777741022
7 val: 0.13046047538518907 0.012148360082600935
8 val: 0.13059353828430176 0.012696844330294235
9 val: 0.13054746389389038 0.012432492450732257
10 val: 0.1305188626050949 0.012475528311047666
11 val: 0.13078699707984925 0.012414363076012645
12 val: 0.13038633912801742 0.012302250449630904
13 val: 0.13045815378427505 0.012257100808338698
14 val: 0.13051500022411347 0.01170749239702023
15 val: 0.13037410676479338 0.012600172777038876
16 val: 0.12927547991275787 0.012157778691630436
17 val: 0.12968904674053192 0.012379635267820436
18 val: 0.1293252155184746 0.012586779833260495
19 val: 0.12966754883527756 0.012365489427380666
20 val: 0.12866283357143402 0.012567014668125941
21 val: 0.12896424084901809 0.012893983587362184
22 val: 0.1286284238100052 0.012771029485741194
23 val: 0.12890519946813583 0.012492743751304094
24 val: 0.12883693128824233 0.013181434356579346
25 val: 0.12856970131397247 0.012820222312161731
26 val: 0.12880000919103624 0.012847337126547459
27 val: 0.12853218913078307 0.013220961651524522
28 val: 0.128611521422863 0.012866069031288403
29 val: 0.12857303768396378 0.013738162246822621
30 val: 0.12849515825510024 0.012813211297188301
31 val: 0.12845726013183595 0.013227325438079966
32 val: 0.128551122546196 0.013129538538372175
33 val: 0.1284178987145424 0.0131217385996322
34 val: 0.12822359651327134 0.013185511082270543
35 val: 0.1280062884092331 0.013569078749237264
36 val: 0.1281757816672325 0.013060815964291142
37 val: 0.1279987245798111 0.013714307134391113
38 val: 0.12872155010700226 0.01371658099070799
39 val: 0.12781015932559966 0.012806689564333153
40 val: 0.12797261774539948 0.013138231265478749
41 val: 0.1278529793024063 0.014040232320609226
42 val: 0.1280852496623993 0.013012707467122804
43 val: 0.12781219631433488 0.013728778995944048
44 val: 0.12805110216140747 0.013356213487083084
45 val: 0.12846779823303223 0.013580230033233357
46 val: 0.12833233475685119 0.013114909953401106
47 val: 0.12825471460819243 0.013121216906058933
48 val: 0.12844328135251998 0.012718207808475697
49 val: 0.12844862341880797 0.013084062757011756
50 val: 0.12792399823665618 0.012828772903339721
