1 val: 0.08977705389261245 0.008238458241608097
2 val: 0.08815952688455582 0.009058929858315747
3 val: 0.08677012771368027 0.00921807068965049
4 val: 0.08429318070411682 0.009911327654296557
5 val: 0.0825939953327179 0.008727539957579201
6 val: 0.08181392401456833 0.00916310344492391
7 val: 0.08087849169969559 0.009267164247526912
8 val: 0.07994441241025925 0.009195858848353939
9 val: 0.07892484366893768 0.009139896364903203
10 val: 0.07823813259601593 0.009052568801763
11 val: 0.0777900606393814 0.009358029208222065
12 val: 0.07726489305496216 0.00927024642853943
13 val: 0.07725009471178054 0.008828512501782956
14 val: 0.07652680277824402 0.008890825936866568
15 val: 0.07634167820215225 0.008938949989513148
16 val: 0.07628875523805619 0.008772225038341392
17 val: 0.07603321522474289 0.009051739889176583
18 val: 0.07570877820253372 0.008821841165538354
19 val: 0.07603225260972976 0.008723301219155731
20 val: 0.07542846947908402 0.00883983472990405
21 val: 0.07533774375915528 0.009092393708896328
22 val: 0.07535304576158523 0.00897193266998497
23 val: 0.07504437565803528 0.00896417225794641
24 val: 0.07513183504343032 0.00883012602049975
25 val: 0.07507420778274536 0.009037277004278378
26 val: 0.07511087656021118 0.008751586148446417
27 val: 0.07487494200468063 0.009145757116251855
28 val: 0.07487223297357559 0.00884049362015707
29 val: 0.07482588440179824 0.008959627285228249
30 val: 0.07475984394550324 0.00889194855100397
31 val: 0.07470566481351852 0.009159793001075138
32 val: 0.07456578314304352 0.009017032120620232
33 val: 0.07451761662960052 0.009002540144004973
34 val: 0.07454237341880798 0.008999519058342023
35 val: 0.07434631437063217 0.008979853468949516
36 val: 0.07436004281044006 0.008817518336670096
37 val: 0.07436868399381638 0.008922621267475445
38 val: 0.07423102110624313 0.008871542570550015
39 val: 0.07420482337474824 0.009052969375454443
40 val: 0.07420296669006347 0.008837967776695994
41 val: 0.07408989816904069 0.008933783084348005
42 val: 0.07392400801181793 0.008852114507826334
43 val: 0.0740960568189621 0.009274065786310914
44 val: 0.07378513813018799 0.009134628021306225
45 val: 0.07389723062515259 0.009430481103989079
46 val: 0.07373805493116378 0.008916754182011363
47 val: 0.07367092669010163 0.009183867396761818
48 val: 0.07401595264673233 0.008959706687142889
49 val: 0.07375860661268234 0.008910115739634732
50 val: 0.07367150336503983 0.008929403977574005
51 val: 0.07358525544404984 0.009085749915246735
52 val: 0.07353303730487823 0.009208580183367225
53 val: 0.07360874712467194 0.009126488879395671
54 val: 0.07369454950094223 0.008979421467657811
55 val: 0.07364346832036972 0.009052594425210198
56 val: 0.07359255403280258 0.009183576215121425
57 val: 0.07358705997467041 0.0091268082090351
58 val: 0.07364304214715958 0.009271493174755176
59 val: 0.07362002432346344 0.009246118212507513
60 val: 0.07361931800842285 0.009196932921273753
61 val: 0.07355696856975555 0.009263653670111052
62 val: 0.07353467047214508 0.009309262161767716
63 val: 0.07337484210729599 0.009201862007868256
64 val: 0.07350763231515885 0.009109011064251086
65 val: 0.07346404492855071 0.009293391598904946
66 val: 0.0735270619392395 0.009111051095850704
67 val: 0.07334153950214387 0.009189127511376282
68 val: 0.07346288710832596 0.009236605190633903
69 val: 0.07321652323007584 0.009294298159130134
70 val: 0.07336942553520202 0.009164838127408991
