1 val: 0.13716880977153778 0.007041939008355557
2 val: 0.1345413625240326 0.010564982755733063
3 val: 0.13274323791265488 0.011224830603635893
4 val: 0.13241595923900604 0.01109520015430109
5 val: 0.13118127435445787 0.011571669524918941
6 val: 0.12997615784406663 0.012666117564546659
7 val: 0.13050369173288345 0.011813149733917018
8 val: 0.1304703176021576 0.012528320531428588
9 val: 0.13023853451013565 0.012017859214160357
10 val: 0.1304010570049286 0.012599938128153023
11 val: 0.13055028915405273 0.012665621098147733
12 val: 0.13046449571847915 0.012229455601455356
13 val: 0.13009614795446395 0.012488406297959807
14 val: 0.12989466786384582 0.012382398636014104
15 val: 0.12992052286863326 0.012699625986873082
16 val: 0.12980430871248244 0.012693701283705882
17 val: 0.12977596521377563 0.012469812934445396
18 val: 0.1295421913266182 0.012584813921024975
19 val: 0.12960756123065947 0.012546526322496851
20 val: 0.12922550439834596 0.012850880801711465
21 val: 0.128791743516922 0.013231660286265134
22 val: 0.12867684811353683 0.012710208027194152
23 val: 0.1293002650141716 0.012779327373639062
24 val: 0.1294547826051712 0.013317336531682725
25 val: 0.12903221398591996 0.01314693238728978
26 val: 0.12968697100877763 0.013162210762253837
27 val: 0.1296239897608757 0.013080646330616381
28 val: 0.12979457527399063 0.012930247675694175
29 val: 0.12968722581863404 0.013250732239342346
30 val: 0.12972580045461654 0.012799876941535265
31 val: 0.1295483738183975 0.012653305308508792
32 val: 0.1300889253616333 0.012365130081965953
33 val: 0.1297725573182106 0.012078394888580818
34 val: 0.12979916781187056 0.012312461309915299
35 val: 0.1295066311955452 0.012764653494730206
36 val: 0.12907638698816298 0.01283592453099381
37 val: 0.1285385563969612 0.012590504228708208
38 val: 0.12921713292598724 0.012556665711077145
39 val: 0.12890449166297913 0.012572814119214813
40 val: 0.1294036701321602 0.013128909227218643
41 val: 0.12835675179958345 0.013284864607055755
42 val: 0.12836570739746095 0.012867096506507702
43 val: 0.1284438520669937 0.012622602524908882
44 val: 0.12846046835184097 0.013054066153336197
45 val: 0.1283992901444435 0.013602247785888626
46 val: 0.1286008059978485 0.01299458072514413
47 val: 0.12835803627967834 0.013151688799818682
48 val: 0.1284235954284668 0.01278110387596694
49 val: 0.12911827117204666 0.01317846103341439
50 val: 0.12878463566303253 0.01294690962499191
