1 val: 0.09733238071203232 0.007608780634495971
2 val: 0.09692895114421844 0.0078039539715244
3 val: 0.09637840688228608 0.007731222011701782
4 val: 0.09584197402000427 0.00796488012606787
5 val: 0.09610261023044586 0.00834587671717885
6 val: 0.09583351314067841 0.008894085992538724
7 val: 0.09611398726701736 0.009345817668022942
8 val: 0.09597861766815186 0.010218835327488147
9 val: 0.09498488306999206 0.010282896836611675
10 val: 0.09445138573646546 0.010721177426379841
11 val: 0.09438330829143524 0.011536201478790736
12 val: 0.09384102076292038 0.011313481395341957
13 val: 0.0927075281739235 0.011594343529728915
14 val: 0.09198865443468093 0.011381107985346698
15 val: 0.09137272387742996 0.0110320848407137
16 val: 0.08983473330736161 0.011092343812433385
17 val: 0.08901761472225189 0.010698986557171965
18 val: 0.08810708671808243 0.010339665316053247
19 val: 0.08752767592668534 0.01001727284382824
20 val: 0.08708130866289139 0.010162910418105799
21 val: 0.086539027094841 0.009919955559795893
22 val: 0.08588356077671051 0.010147408434728092
23 val: 0.08569807410240174 0.009700468368418905
24 val: 0.08523955047130585 0.009878695817383876
25 val: 0.08468447625637054 0.009936682854062132
26 val: 0.08489735126495361 0.010034792587183934
27 val: 0.08407195508480073 0.00985487351016052
28 val: 0.08403737545013427 0.010047247160341067
29 val: 0.08400505930185317 0.010409043939894938
30 val: 0.08391657918691635 0.010661400924246719
31 val: 0.08348136097192764 0.010248484493737817
32 val: 0.08289497643709183 0.00997208730348662
33 val: 0.0828550100326538 0.010470193064029326
34 val: 0.0829823300242424 0.010528844191696057
35 val: 0.0829116865992546 0.010484097718048157
36 val: 0.08247854262590408 0.010184039115293631
37 val: 0.08260979950428009 0.009929519046410845
38 val: 0.08222129642963409 0.010254825335775989
39 val: 0.08236588984727859 0.010107734520766092
40 val: 0.0822904959321022 0.010044526227474633
41 val: 0.08190221339464188 0.010356674771084165
42 val: 0.08200489580631257 0.009948760675874984
43 val: 0.08177895545959472 0.010217567668188097
44 val: 0.0811982974410057 0.010594796463682273
45 val: 0.08141790479421615 0.010371892513464025
46 val: 0.08176434487104416 0.010113884884014221
47 val: 0.08148717731237412 0.010451479756683292
48 val: 0.08138126134872437 0.010320924777572802
49 val: 0.0815742164850235 0.009992989284391155
50 val: 0.08162939548492432 0.010158865648082353
51 val: 0.08100501596927642 0.010354084256512729
52 val: 0.08114569336175918 0.010081541169308903
53 val: 0.08098389804363251 0.010510693425392821
54 val: 0.08121705204248428 0.010033939979873304
55 val: 0.08098780363798141 0.009976304717142738
56 val: 0.08087956607341766 0.010530649299406036
57 val: 0.08077858686447144 0.010463146347407932
58 val: 0.08086432218551635 0.010471674153891311
59 val: 0.08061260133981704 0.010044918999261809
60 val: 0.08066236823797227 0.010064346993667496
61 val: 0.08047437518835068 0.010029888678509897
62 val: 0.08026968091726303 0.01017207993799855
63 val: 0.08057267218828201 0.010158976038514001
64 val: 0.08072949945926666 0.010399754670988375
65 val: 0.08032199293375016 0.010017557210037054
66 val: 0.08048357218503951 0.010083942890677648
67 val: 0.0800886556506157 0.010201651878587221
68 val: 0.08020857572555543 0.010455642030538934
69 val: 0.08011308312416077 0.010299768467865263
70 val: 0.08016407638788223 0.009961859044396783
