1 val: 0.0880496084690094 0.00783799952160423
2 val: 0.08694534450769424 0.00828411370719127
3 val: 0.08569214940071106 0.008536897080904476
4 val: 0.08435520529747009 0.00950397780855514
5 val: 0.0831623136997223 0.009734301943296863
6 val: 0.08265730887651443 0.009863436220854302
7 val: 0.08192352056503296 0.010630829893408576
8 val: 0.08161912709474564 0.01089088244001572
9 val: 0.08131546080112458 0.011199408608640646
10 val: 0.08032692074775696 0.011083418792892017
11 val: 0.07990094870328904 0.011061501952985378
12 val: 0.07955999672412872 0.011165982312842932
13 val: 0.07937889993190765 0.01111531217475659
14 val: 0.07898290008306504 0.011032769674881378
15 val: 0.0785039335489273 0.01096103553175235
16 val: 0.07801309525966645 0.011037247164829738
17 val: 0.07796671092510224 0.011086174263073578
18 val: 0.07754427343606948 0.010730886518518775
19 val: 0.07769502401351928 0.010622859165501349
20 val: 0.07732897996902466 0.010708043890363414
21 val: 0.07697373777627944 0.010736315715861465
22 val: 0.07705344259738922 0.010285572693877386
23 val: 0.07698938101530076 0.010370011393305265
24 val: 0.07681738436222077 0.010293170287221827
25 val: 0.07646413594484329 0.010295836933351803
26 val: 0.07657399177551269 0.010040683882432903
27 val: 0.07655099928379058 0.01002808933741202
28 val: 0.07630912363529205 0.01004832684843408
29 val: 0.07613284140825272 0.009918970605412667
30 val: 0.07636867761611939 0.009752821783575165
31 val: 0.07618115097284317 0.010038790226143757
32 val: 0.07613282650709152 0.009824650574535783
33 val: 0.07596160024404526 0.009752959510074212
34 val: 0.0759254589676857 0.009745345093869819
35 val: 0.0757444828748703 0.009700415384290144
36 val: 0.07577218264341354 0.009956537594274745
37 val: 0.07560092657804489 0.009682517541135435
38 val: 0.07562896460294724 0.009909095605661517
39 val: 0.075570048391819 0.009855049261908385
40 val: 0.07581225335597992 0.00980143961097344
41 val: 0.07577021569013595 0.00985504194578092
42 val: 0.07546490877866745 0.009748123792846614
43 val: 0.07574008256196976 0.009665958779094043
44 val: 0.07527880817651748 0.009675084511252457
45 val: 0.07528932243585587 0.009665780570727327
46 val: 0.0753114327788353 0.009595557411365287
47 val: 0.0752994179725647 0.009644368149669895
48 val: 0.07534317523241044 0.009689714730695955
49 val: 0.07542554587125778 0.009675531728447855
50 val: 0.07519599497318268 0.00978902560107002
51 val: 0.07536865919828414 0.009608922023339097
52 val: 0.0753454476594925 0.009647482611847839
53 val: 0.07509013861417771 0.009806675431381187
54 val: 0.07527840435504914 0.009575189907229015
55 val: 0.07544426620006561 0.009679906717415233
56 val: 0.07525314390659332 0.009736835023995189
57 val: 0.07515444755554199 0.00960062011288345
58 val: 0.0749640554189682 0.009593275510938935
59 val: 0.07523790299892426 0.009571887975381518
60 val: 0.07500377893447877 0.00950992817369053
61 val: 0.07499855905771255 0.00955104810563775
62 val: 0.07500799149274825 0.009526931692470918
63 val: 0.07485120296478272 0.009684643007448016
64 val: 0.0749182254076004 0.009641329324103115
65 val: 0.07518364936113357 0.00973654102948356
66 val: 0.075103060901165 0.009628903546929002
67 val: 0.07507898509502411 0.009729432047719963
68 val: 0.07492662072181702 0.009605522207014277
69 val: 0.07515852898359299 0.00975531843591647
70 val: 0.0750497743487358 0.009525398580191892
