1 val: 0.1350107342004776 0.01154719127594937
2 val: 0.13305282592773438 0.011801409517793902
3 val: 0.13026864379644393 0.011505030548624721
4 val: 0.12835281640291213 0.011478584631009467
5 val: 0.12651651799678804 0.011669532205312371
6 val: 0.1253088504076004 0.011648571881405603
7 val: 0.12431124150753022 0.01105768672665044
8 val: 0.12424351871013642 0.01220720573251189
9 val: 0.12323201447725296 0.012099438480614674
10 val: 0.12312662005424499 0.01195440790316069
11 val: 0.12269547581672668 0.012645409034175617
12 val: 0.12213273644447327 0.012367341986848844
13 val: 0.12267389297485351 0.011728495005473323
14 val: 0.12216024845838547 0.012050797258845157
15 val: 0.12220916152000427 0.012329125599713525
16 val: 0.12138496339321136 0.012045608976750269
17 val: 0.12137725800275803 0.011643449871358185
18 val: 0.12137222737073898 0.011679618767655664
19 val: 0.12164452522993088 0.011905645917124669
20 val: 0.12164932936429977 0.012038707242234327
21 val: 0.12141582220792771 0.01172194626597429
22 val: 0.12095893174409866 0.012331759312919221
23 val: 0.12090205550193786 0.012297463750678464
24 val: 0.12097194790840149 0.012245274309891299
25 val: 0.12063273340463639 0.011706208025247723
26 val: 0.1207428902387619 0.012109621750743448
27 val: 0.12097359746694565 0.012377988733879915
28 val: 0.1210539847612381 0.012468348618570947
29 val: 0.12125348597764969 0.012666062729135221
30 val: 0.12065164595842362 0.012664349177629604
31 val: 0.12097244709730148 0.012315337261577786
32 val: 0.12060929238796234 0.011979134195805161
33 val: 0.12079614400863647 0.012174230364085062
34 val: 0.12068063914775848 0.012388697291825372
35 val: 0.1205235853791237 0.012555163274204934
36 val: 0.12034548670053483 0.012159480074843411
37 val: 0.1201050654053688 0.012489322672817037
38 val: 0.12079383283853531 0.012712295946846832
39 val: 0.11987674832344056 0.012250520795713917
40 val: 0.12050895392894745 0.0121935596959556
41 val: 0.1207861915230751 0.01215759073196675
42 val: 0.11987563222646713 0.012569726524086843
43 val: 0.12003124803304673 0.012851035919245097
44 val: 0.1204495146870613 0.012384983318260575
45 val: 0.12019953727722169 0.011786772446636213
46 val: 0.1197948306798935 0.012094578197863028
47 val: 0.11997637897729874 0.012627484985831855
48 val: 0.11975967586040497 0.012653034362655137
49 val: 0.11963383555412292 0.012452534416380551
50 val: 0.11978766918182374 0.01200489980530676
