1 val: 0.08604570627212524 0.01116982220237339
2 val: 0.08569784313440323 0.010986076496158353
3 val: 0.08555720746517181 0.011096818142302308
4 val: 0.08540224581956864 0.01117552067596532
5 val: 0.08533308953046799 0.01118671751827305
6 val: 0.08526345938444138 0.01112946469641115
7 val: 0.08522835075855255 0.011087866311565551
8 val: 0.08521806448698044 0.011094700430590536
9 val: 0.08519408255815505 0.011059416928583187
10 val: 0.08518239110708237 0.011046719754535259
11 val: 0.08517731428146362 0.011044483420905972
12 val: 0.08517532497644424 0.011041055705439336
13 val: 0.08516767472028733 0.011042444742684917
14 val: 0.08516933619976044 0.0110519977618096
15 val: 0.08514848798513412 0.011024136936018773
16 val: 0.0851394072175026 0.011021333022745234
17 val: 0.0851450264453888 0.01103901192891431
18 val: 0.0851319670677185 0.011015367323314974
19 val: 0.08513411283493041 0.011019923469654106
20 val: 0.08513381332159042 0.011015577122347306
21 val: 0.0851019874215126 0.01095866860727828
22 val: 0.08509225994348527 0.01093389127171535
23 val: 0.08508939892053605 0.01093490584725984
24 val: 0.08508365303277969 0.010926425137136398
25 val: 0.0850830316543579 0.010922410908177686
26 val: 0.08508467674255371 0.01092691699191952
27 val: 0.08508418649435043 0.010921307552651825
28 val: 0.0850778043270111 0.010915127331004216
29 val: 0.08507809340953827 0.010912001863270345
30 val: 0.08507857471704483 0.010909917750244464
31 val: 0.08507918268442154 0.01091170001248655
32 val: 0.0850798487663269 0.010915796549609754
33 val: 0.08507846444845199 0.010912366313397648
34 val: 0.08507982045412063 0.010911615508565925
35 val: 0.08507537543773651 0.010904663628221825
36 val: 0.0850802481174469 0.010911560379125471
37 val: 0.0850820004940033 0.010910061831260798
38 val: 0.08507650047540664 0.010905866654553188
39 val: 0.08507704585790635 0.010905705268829514
40 val: 0.08507502228021621 0.010900726726314652
41 val: 0.08507784903049469 0.010906468525494772
42 val: 0.08507756143808365 0.010906118987723859
43 val: 0.08507630527019501 0.01089901481865674
44 val: 0.08507400155067443 0.010902859919548534
45 val: 0.08507434278726578 0.010900697180783665
46 val: 0.08507478982210159 0.010899805012220341
47 val: 0.08510249853134155 0.010866709941188558
48 val: 0.0851209282875061 0.01085417675310192
49 val: 0.0851427897810936 0.010838024883548443
50 val: 0.08517859280109405 0.010796558680441616
51 val: 0.08513324707746506 0.010838971247789776
52 val: 0.08514090031385421 0.010835451638888683
53 val: 0.0851294755935669 0.010844221119541081
54 val: 0.08512775599956512 0.010842422176359518
55 val: 0.08512380868196487 0.010843273008592919
56 val: 0.08512769341468811 0.010843222295341175
57 val: 0.0851306900382042 0.010843277136957916
58 val: 0.08513024747371674 0.010840279859594654
59 val: 0.08512342721223831 0.010843972818299285
60 val: 0.08512644469738007 0.010844350451067608
61 val: 0.08512811064720154 0.01084260235760583
62 val: 0.0851307362318039 0.01084187419305256
63 val: 0.08512825071811676 0.01084524949119739
64 val: 0.08512155264616013 0.010851603024333707
65 val: 0.08512543141841888 0.010846511731385905
66 val: 0.08512969762086868 0.01085050753151556
67 val: 0.08512712270021439 0.010848671150524446
68 val: 0.08512177020311355 0.010850154599759116
69 val: 0.0851225197315216 0.010845840879609499
70 val: 0.08512138575315475 0.010854948679848177
