1 val: 0.13559679090976715 0.011315200277808005
2 val: 0.13293252140283585 0.01261709388859933
3 val: 0.1317647710442543 0.011466836107319883
4 val: 0.1311468943953514 0.011389421834390916
5 val: 0.1300824150443077 0.012507970317372094
6 val: 0.12984861731529235 0.01218280095968543
7 val: 0.1301271915435791 0.01176635162353079
8 val: 0.13023916780948638 0.012385752732137495
9 val: 0.12987765073776245 0.01174441650358108
10 val: 0.1297707214951515 0.012510183242862957
11 val: 0.12954251915216447 0.012133223546235009
12 val: 0.13013215363025665 0.012362356568333862
13 val: 0.13020023554563523 0.012935039873557846
14 val: 0.13016823679208755 0.012781606034605287
15 val: 0.13026201725006104 0.012966792643833509
16 val: 0.12981616705656052 0.0120828267715716
17 val: 0.12971490621566772 0.012089701767011362
18 val: 0.12990423887968064 0.012485152034598226
19 val: 0.13013280779123307 0.011863243692567745
20 val: 0.1298934981226921 0.012827085530602508
21 val: 0.1297142192721367 0.013187530166565459
22 val: 0.12954068928956985 0.012938978085880286
23 val: 0.1294144243001938 0.012570440570161715
24 val: 0.12951345145702362 0.013425001755648468
25 val: 0.12921933084726334 0.012895619471984627
26 val: 0.12949487715959548 0.012997644145001487
27 val: 0.1285398483276367 0.013521016984675407
28 val: 0.12932198792695998 0.013159344243852742
29 val: 0.12835845798254014 0.013841271814366382
30 val: 0.12889798134565353 0.012926591533671494
31 val: 0.12855454832315444 0.013406054012410167
32 val: 0.12834148705005646 0.012820663870978737
33 val: 0.127771820127964 0.01296380051723943
34 val: 0.1278610810637474 0.013796347491886575
35 val: 0.12814550548791886 0.013846727688272515
36 val: 0.12852584570646286 0.012377079075274793
37 val: 0.1278810203075409 0.013083657730365149
38 val: 0.12789357155561448 0.013044901890493177
39 val: 0.1276630401611328 0.01247885517996523
40 val: 0.1282180890440941 0.012971511624052287
41 val: 0.1269157662987709 0.013107878921194414
42 val: 0.1272759646177292 0.01236678378819844
43 val: 0.1273860439658165 0.012852613006614123
44 val: 0.12712374925613404 0.01286153400249917
45 val: 0.1271634057164192 0.012730508407831485
46 val: 0.12713590413331985 0.01286143305723938
47 val: 0.1266904205083847 0.012681160472011944
48 val: 0.12714617252349852 0.012595368618632774
49 val: 0.12685457319021226 0.01260604386404068
50 val: 0.127332466840744 0.01217960588979525
