1 val: 0.13525810539722444 0.012303260582664314
2 val: 0.13174025118350982 0.011330082294250013
3 val: 0.12982139438390733 0.0125635466032428
4 val: 0.12799590975046157 0.013543882035302724
5 val: 0.1265893653035164 0.01291604399986254
6 val: 0.125588758289814 0.01381541244409952
7 val: 0.12589668482542038 0.013288887850633632
8 val: 0.12498667240142822 0.013507881940054294
9 val: 0.12474657595157623 0.013022829085076945
10 val: 0.12383679002523422 0.01356861241881867
11 val: 0.12441023886203766 0.01307773090398457
12 val: 0.12415772527456284 0.013282464333366783
13 val: 0.12340392917394638 0.013030110080412206
14 val: 0.12379448562860489 0.013338185067678818
15 val: 0.12355799078941346 0.012901002514745826
16 val: 0.12236900776624679 0.012753322240145476
17 val: 0.12278435677289963 0.012270159941700783
18 val: 0.12212116122245789 0.013066946501949518
19 val: 0.1222343236207962 0.01316546155032904
20 val: 0.12258678525686265 0.013558109988941058
21 val: 0.12160186469554901 0.013189553998689056
22 val: 0.12190801650285721 0.012772393814514105
23 val: 0.1213927835226059 0.01223155455931316
24 val: 0.12181430906057358 0.012506248039837771
25 val: 0.12119311094284058 0.012208204507014906
26 val: 0.12126907110214233 0.012731142420413389
27 val: 0.12107795327901841 0.012875228642517228
28 val: 0.12134756594896316 0.011816134877281554
29 val: 0.12134823203086853 0.01290078528263712
30 val: 0.12153888493776321 0.012474226926841706
31 val: 0.12132940292358399 0.012608120871832605
32 val: 0.12178748100996017 0.012411729446597665
33 val: 0.12155665755271912 0.01283866017883846
34 val: 0.12147890329360962 0.01259454643259315
35 val: 0.12091065347194671 0.01265103773168505
36 val: 0.12061701416969299 0.01249803471740353
37 val: 0.12070382684469223 0.012223085503629065
38 val: 0.12131299525499344 0.0121710426643513
39 val: 0.12114430814981461 0.012376491504881367
40 val: 0.12123246192932129 0.012552154958886168
41 val: 0.12160572111606598 0.012887858098727679
42 val: 0.12108131796121598 0.012879148154625254
43 val: 0.12148897200822831 0.012535596471264754
44 val: 0.12117806822061539 0.013061353031916223
45 val: 0.12074996083974839 0.012685950842832718
46 val: 0.1211694285273552 0.013040168388165924
47 val: 0.12077339440584182 0.012245716172246445
48 val: 0.12103672325611115 0.013006632495442242
49 val: 0.12158064246177673 0.012347376217244532
50 val: 0.12135506868362426 0.012286185026559543
51 val: 0.12021863758563996 0.012552496793104911
52 val: 0.1205672413110733 0.012613243714415285
53 val: 0.12114734649658203 0.012572239025998093
54 val: 0.12082820236682892 0.012142772350214626
55 val: 0.1211417332291603 0.013020931764123724
56 val: 0.12074383348226547 0.01294671612193656
57 val: 0.12113699167966843 0.012045282495079081
58 val: 0.12037491649389268 0.012654458580348344
59 val: 0.12099845558404923 0.012291177482294219
60 val: 0.12056729942560196 0.012530096289421738
61 val: 0.12034067511558533 0.01219464700722657
62 val: 0.12122249156236649 0.011523202529308912
63 val: 0.12075315266847611 0.01271878129342833
64 val: 0.12095715254545211 0.012822046430678106
65 val: 0.1207329973578453 0.012452003031422392
66 val: 0.12049953043460845 0.011802008376720496
67 val: 0.12085227817296981 0.013051900968870024
68 val: 0.12060183733701706 0.011856751014968995
69 val: 0.12099405825138092 0.012022021392305765
70 val: 0.12042266577482223 0.011848199172762447
