1 val: 0.09205052703619003 0.008391247387026972
2 val: 0.09199063330888749 0.00866202957005641
3 val: 0.09145905822515488 0.008575500748390372
4 val: 0.09082766622304916 0.008664084474581743
5 val: 0.0906578004360199 0.00828087501939787
6 val: 0.08986088931560517 0.008359264435955574
7 val: 0.08892115205526352 0.008588038228339133
8 val: 0.0875365361571312 0.009063160434489341
9 val: 0.08624523133039474 0.008374368676059504
10 val: 0.08541462570428848 0.008838258212643448
11 val: 0.08450327962636947 0.00901570864707444
12 val: 0.0840514987707138 0.009745523841552342
13 val: 0.08309396207332612 0.009304388491933345
14 val: 0.08286701291799545 0.00904439120396717
15 val: 0.0825897827744484 0.009290718524668312
16 val: 0.08187873363494873 0.009166770120734443
17 val: 0.08103256672620773 0.009411588917947512
18 val: 0.0806602567434311 0.009240849710234594
19 val: 0.08073750734329224 0.00922538608163792
20 val: 0.08016654700040818 0.008897821497451788
21 val: 0.07992730587720871 0.009326435762901398
22 val: 0.07980531752109528 0.009276351816008383
23 val: 0.07935539484024048 0.009025712072554419
24 val: 0.07916082590818405 0.009176549893376825
25 val: 0.07911092489957809 0.008949120446832683
26 val: 0.07874127477407455 0.009111769134806854
27 val: 0.07880588322877884 0.008938395845003477
28 val: 0.0782754048705101 0.008813503297260784
29 val: 0.07846481204032899 0.008905162189176091
30 val: 0.07843859046697617 0.008983848867061411
31 val: 0.07840318232774734 0.00871497955953498
32 val: 0.07805337905883789 0.009158078409683103
33 val: 0.07795380353927613 0.009215246776418893
34 val: 0.07787348181009293 0.008851976138801645
35 val: 0.077866929769516 0.009082120024427565
36 val: 0.0777040347456932 0.00931191250266348
37 val: 0.07750646471977234 0.009153561799677372
38 val: 0.07762790471315384 0.009062435727417946
39 val: 0.07753673046827317 0.009220848548901215
40 val: 0.07757852524518967 0.00895162400814181
41 val: 0.07738953232765197 0.009323986290086817
42 val: 0.07720511108636856 0.009072423933548209
43 val: 0.0769663006067276 0.00945695684393084
44 val: 0.077225062251091 0.00921103088734988
45 val: 0.0769943043589592 0.009147631456108066
46 val: 0.07711071968078613 0.009264393881951308
47 val: 0.07694001644849777 0.009317030690599692
48 val: 0.07725034952163697 0.009367311403874345
49 val: 0.07713602483272552 0.009225619140464483
50 val: 0.07685240656137467 0.00911900568600641
51 val: 0.07677178382873535 0.009435603949411881
52 val: 0.0769270420074463 0.009005523884882956
53 val: 0.07699927538633347 0.009085661681305106
54 val: 0.07666874080896377 0.009186490402390285
55 val: 0.07688639611005783 0.009409407202165952
56 val: 0.07679328620433808 0.009303086365735222
57 val: 0.07667082846164704 0.009247540546011788
58 val: 0.07641112506389618 0.009348119278388084
59 val: 0.07660952359437942 0.009403312928261968
60 val: 0.07666067630052567 0.009443508895415282
61 val: 0.07650508582592011 0.00936582539841528
62 val: 0.0765768513083458 0.009715508567723737
63 val: 0.07668718099594116 0.009397613847807762
64 val: 0.07645806670188904 0.00953430268701933
65 val: 0.07647830992937088 0.009577301513440231
66 val: 0.07646752446889878 0.009485901604355975
67 val: 0.07634303569793702 0.009415441379444776
68 val: 0.07639033496379852 0.009492091565763404
69 val: 0.07651433199644089 0.009589383481747236
70 val: 0.07631559669971466 0.009661315128199753
