1 val: 0.10351624935865403 0.008313057541286938
2 val: 0.1035338282585144 0.008267279307455128
3 val: 0.1029407411813736 0.008684949448491725
4 val: 0.10272428840398788 0.008916989826151984
5 val: 0.10230879485607147 0.008913024831299745
6 val: 0.10325614213943482 0.009084382053506113
7 val: 0.10402810722589492 0.010753001283491355
8 val: 0.10389509648084641 0.012743371365224939
9 val: 0.10448135733604431 0.012208773144086768
10 val: 0.10412288755178452 0.011713863532348295
11 val: 0.10482455939054489 0.011518893180670092
12 val: 0.10482758283615112 0.01148515003233531
13 val: 0.10525098890066147 0.012113995691220885
14 val: 0.10591685622930527 0.012840292149055898
15 val: 0.10554845035076141 0.012675778553232105
16 val: 0.10492889285087585 0.012967442731214715
17 val: 0.10538298785686492 0.013372510191083264
18 val: 0.10427854508161545 0.013571664144830927
19 val: 0.10450373739004135 0.012577824993141523
20 val: 0.10343254506587982 0.013600454690332681
21 val: 0.10268023163080216 0.013430666771233085
22 val: 0.10261291563510895 0.013145318361440934
23 val: 0.10208196491003037 0.013077728798596413
24 val: 0.1021835207939148 0.013032689552450823
25 val: 0.1010484129190445 0.012753885121488704
26 val: 0.10068088322877884 0.012124431587206443
27 val: 0.09983777403831481 0.012518240931644555
28 val: 0.10000256896018982 0.012230992973416704
29 val: 0.09922695904970169 0.012731161457386462
30 val: 0.09815804362297058 0.012665102045074629
31 val: 0.09776753783226014 0.012336666427095673
32 val: 0.09788155108690262 0.012467144160747047
33 val: 0.0973761647939682 0.013093831027491924
34 val: 0.09651329219341279 0.012434685161052285
35 val: 0.09698355942964554 0.013104318648402677
36 val: 0.09634339958429336 0.013199943899034087
37 val: 0.09602392613887786 0.012672197477931493
38 val: 0.09651742428541184 0.013219128617574597
39 val: 0.09584965407848359 0.012655222185632859
40 val: 0.09563287049531936 0.012627869192044857
41 val: 0.09532784223556519 0.012252402404204665
42 val: 0.09521231353282929 0.012781608556606008
43 val: 0.09551054388284683 0.012069200380270763
44 val: 0.09526707530021668 0.012845105280927555
45 val: 0.0948837399482727 0.012661644418775271
46 val: 0.09494419395923615 0.012267084384716805
47 val: 0.09498398005962372 0.012193857763123003
48 val: 0.09464318752288818 0.01234198385530919
49 val: 0.09461173415184021 0.012664404100989011
50 val: 0.09466263949871064 0.012205965477207327
51 val: 0.0944875031709671 0.012565769253833781
52 val: 0.0940770000219345 0.012077293869498023
53 val: 0.0933521717786789 0.011996220344235338
54 val: 0.09355881959199905 0.012051203019662197
55 val: 0.0939645603299141 0.012055430036063136
56 val: 0.09368653744459152 0.0120001427129211
57 val: 0.09334133267402649 0.012074615595194512
58 val: 0.09373955875635147 0.012102545701348335
59 val: 0.09324919134378433 0.011700320144262415
60 val: 0.0933138146996498 0.01206281798595505
61 val: 0.0929146021604538 0.011883225640376874
62 val: 0.09405215084552765 0.012502967540874729
63 val: 0.093570676445961 0.012366633703785075
64 val: 0.09320209920406342 0.011931706704781333
65 val: 0.09318808317184449 0.011739616336301377
66 val: 0.09327722191810608 0.01181212747835675
67 val: 0.09318110048770904 0.011653226815605629
68 val: 0.09292039424180984 0.011484546132353257
69 val: 0.09283623695373536 0.011687375941650471
70 val: 0.09294341653585433 0.011716734576638644
