1 val: 0.09340072870254516 0.009676958904455238
2 val: 0.0923541396856308 0.010245569529518682
3 val: 0.09217240363359451 0.010184221313320002
4 val: 0.09109616577625275 0.01071818690443658
5 val: 0.08951742053031922 0.010880967113350343
6 val: 0.08692492991685867 0.01141033045020217
7 val: 0.08448967337608337 0.011667966305597995
8 val: 0.08224427998065949 0.01075487103657591
9 val: 0.08086917102336884 0.011205824545264526
10 val: 0.07879295498132706 0.010884489564933507
11 val: 0.07768402993679047 0.01085191042906955
12 val: 0.07684163004159927 0.010844160609988985
13 val: 0.07591195106506347 0.010730789498170563
14 val: 0.07498274892568588 0.010598500107098023
15 val: 0.07463071197271347 0.01031493382359157
16 val: 0.07373484522104264 0.010024169009601696
17 val: 0.07329829335212708 0.010054880759963204
18 val: 0.07292551100254059 0.010187476245696174
19 val: 0.07247389853000641 0.010037240584403154
20 val: 0.0720572829246521 0.010186995312639004
21 val: 0.07176598161458969 0.010159182869648118
22 val: 0.07141963392496109 0.009980416940000634
23 val: 0.071294404566288 0.00953237154107993
24 val: 0.07078688591718674 0.009790625623891382
25 val: 0.07091447860002517 0.010019961433879785
26 val: 0.0707192838191986 0.009870621181196089
27 val: 0.0703493520617485 0.009685296116952841
28 val: 0.07041644304990768 0.00984655167690168
29 val: 0.0703055053949356 0.010003800369509352
30 val: 0.06990334987640381 0.009554335386340781
31 val: 0.06954832300543785 0.009859997554956193
32 val: 0.06971998065710068 0.00989154366602469
33 val: 0.06930369064211846 0.009810461186858462
34 val: 0.06924999579787254 0.009776450218003557
35 val: 0.06944110915064812 0.009652915359108267
36 val: 0.06892135962843896 0.009775515845725908
37 val: 0.06902837082743644 0.009745943561169774
38 val: 0.06881305947899818 0.009559558346518166
39 val: 0.06884222328662873 0.009893721249563805
40 val: 0.06874394789338112 0.009784959222674179
41 val: 0.0686052218079567 0.009607161339877634
42 val: 0.06842455193400383 0.009536583791032865
43 val: 0.0684203751385212 0.009873613286468425
44 val: 0.0683191329240799 0.00977568255577387
45 val: 0.06830905824899673 0.00959611129863745
46 val: 0.06827783063054085 0.009659672859748773
47 val: 0.0680534526705742 0.009800079065205167
48 val: 0.06796853244304657 0.0095822200011575
49 val: 0.06801100149750709 0.009791212356789505
50 val: 0.06802328377962112 0.009717567066216803
51 val: 0.06790195479989052 0.009741502998387584
52 val: 0.06778238862752914 0.009607486829435335
53 val: 0.06796008124947547 0.009712837646066532
54 val: 0.06762019395828248 0.009911858448384644
55 val: 0.06774576306343079 0.009849598168163217
56 val: 0.06769169047474861 0.009803575829494395
57 val: 0.06760534495115281 0.009812098670289803
58 val: 0.06743742898106575 0.00956307619274005
59 val: 0.0675532080233097 0.00973245526191751
60 val: 0.06748709455132484 0.009861315960988395
61 val: 0.06744066625833511 0.009433078331662742
62 val: 0.06749086454510689 0.00978956046471572
63 val: 0.06695746332406997 0.009672258647657089
64 val: 0.06723558381199837 0.009663292033367306
65 val: 0.0671221099793911 0.009735048970404652
66 val: 0.06730929017066956 0.009521910724330092
67 val: 0.06720053479075432 0.009627479276947985
68 val: 0.06723034456372261 0.00985381034432857
69 val: 0.0670291505753994 0.009711631449999132
70 val: 0.06718195751309394 0.009788897599798339
