1 val: 0.0887053668498993 0.008639811125581182
2 val: 0.0877880483865738 0.009237564871767521
3 val: 0.08624996244907379 0.009681591314090097
4 val: 0.0845536470413208 0.01022576230126304
5 val: 0.08317369669675827 0.008944123738695287
6 val: 0.08150649964809417 0.009469258934468238
7 val: 0.08063810616731644 0.009496778481585
8 val: 0.08004640638828278 0.009418105355407541
9 val: 0.0792598381638527 0.0095070118776178
10 val: 0.07875965088605881 0.009399252859751395
11 val: 0.07851019650697708 0.009735858271007187
12 val: 0.07768682390451431 0.009765658250636258
13 val: 0.07742799520492553 0.009993267824033448
14 val: 0.07690648883581161 0.009872735467277497
15 val: 0.07694241255521775 0.009648044621112385
16 val: 0.07645776569843292 0.009688528406201907
17 val: 0.07613098621368408 0.009916248316862674
18 val: 0.07608074396848678 0.00975532634584843
19 val: 0.07629095613956452 0.009906119012940867
20 val: 0.07573269009590149 0.010003178829862777
21 val: 0.07571997046470642 0.009856537383696391
22 val: 0.07544486075639725 0.00989366595386637
23 val: 0.07540730088949203 0.009797589898820819
24 val: 0.07515555322170257 0.00999567477183122
25 val: 0.075200255215168 0.009846644819329833
26 val: 0.07527762055397033 0.009909657134578805
27 val: 0.07502499371767044 0.01006905880703918
28 val: 0.07498392015695572 0.00999780875886226
29 val: 0.07471861392259598 0.009987807374867368
30 val: 0.07488552927970886 0.00987536883259727
31 val: 0.07475421577692032 0.009805899089764324
32 val: 0.07488375455141068 0.009612608534678694
33 val: 0.07481896877288818 0.009689309556496243
34 val: 0.07476066946983337 0.009591201684795535
35 val: 0.07453550100326538 0.009903329036335898
36 val: 0.07455697804689407 0.009777737910408289
37 val: 0.07457887381315231 0.009569986306625995
38 val: 0.07428332567214965 0.009861022397055712
39 val: 0.07432072311639785 0.009916219949665385
40 val: 0.0742142766714096 0.009825135759736554
41 val: 0.07419322580099105 0.009966090228991614
42 val: 0.07428095638751983 0.009749740682417435
43 val: 0.07436623424291611 0.009824953046288006
44 val: 0.07400874346494675 0.00991286503101853
45 val: 0.07411424070596695 0.010121695620459186
46 val: 0.07407246083021164 0.009896788212773679
47 val: 0.07399003058671952 0.009993530980925997
48 val: 0.07413278520107269 0.009954490218640972
49 val: 0.07413855940103531 0.009871882727771831
50 val: 0.07406572848558426 0.009827031218950804
51 val: 0.07405024766921997 0.010004269941042815
52 val: 0.07381094992160797 0.009992971991859119
53 val: 0.07383701950311661 0.009930024598201343
54 val: 0.0738885760307312 0.00994906477787298
55 val: 0.07395953238010407 0.009976058681403815
56 val: 0.07389858067035675 0.010161172851573232
57 val: 0.07385998517274857 0.010130509863755351
58 val: 0.07376282513141633 0.009968224601436258
59 val: 0.073926442861557 0.009967774987174372
60 val: 0.07382524013519287 0.010042782910946313
61 val: 0.07373227030038834 0.009986677705605955
62 val: 0.0738604098558426 0.010076880069919534
63 val: 0.07388773411512375 0.010196573961787088
64 val: 0.073804971575737 0.009974836042699217
65 val: 0.07392034530639649 0.009917295886716493
66 val: 0.07392343431711197 0.00983410372092496
67 val: 0.07385833710432052 0.009935488642767965
68 val: 0.07388055026531219 0.01006237744221272
69 val: 0.07376285791397094 0.009961539433593278
70 val: 0.07393823862075806 0.00982282855397826
