1 val: 0.08971425294876098 0.009062144498554497
2 val: 0.08913035988807679 0.009356457567924796
3 val: 0.08907572031021119 0.009748715181466796
4 val: 0.08715254068374634 0.009771330621910818
5 val: 0.0860086128115654 0.008846001932460539
6 val: 0.08538802862167358 0.009328427043412956
7 val: 0.08411248922348022 0.01007371240767526
8 val: 0.08350696116685867 0.009384864718779688
9 val: 0.0830634281039238 0.010201950451010817
10 val: 0.08223602026700974 0.010666826258052898
11 val: 0.08173408210277558 0.011305432243455982
12 val: 0.08088815808296204 0.010387787099949284
13 val: 0.08069928735494614 0.010927129424519608
14 val: 0.08013374507427215 0.010751882284005145
15 val: 0.08001736253499984 0.010917637600963495
16 val: 0.07940178364515305 0.010611241263660138
17 val: 0.07905217856168748 0.010476253714531255
18 val: 0.07871696949005128 0.010239152978370435
19 val: 0.07856792807579041 0.010652693144161224
20 val: 0.07824706137180329 0.010306363922134777
21 val: 0.07785541713237762 0.010714651526544649
22 val: 0.07782983779907227 0.010809293887851972
23 val: 0.07795254588127136 0.01042011880609689
24 val: 0.07768254727125168 0.010439988920942504
25 val: 0.07759435772895813 0.010790009551817362
26 val: 0.07746354043483734 0.010525628560798238
27 val: 0.07746701389551162 0.010761290697783314
28 val: 0.07720073610544205 0.010731899205647386
29 val: 0.07727495282888412 0.010635539880815743
30 val: 0.07727895230054856 0.01067695426610339
31 val: 0.07701928615570068 0.010388555923235848
32 val: 0.07693833112716675 0.010133657996289359
33 val: 0.07647820413112641 0.010354820451113316
34 val: 0.07684851884841919 0.010292097494255902
35 val: 0.0767122521996498 0.010378871315572483
36 val: 0.07646818161010742 0.010540836311703923
37 val: 0.07688752263784408 0.010326240703909018
38 val: 0.07642495632171631 0.010587593307469875
39 val: 0.07644516676664352 0.010472344588347025
40 val: 0.07642684280872344 0.010087014347505528
41 val: 0.07630182951688766 0.01037755528012206
42 val: 0.07603767067193985 0.010105275515186217
43 val: 0.07614800930023194 0.01004635519340387
44 val: 0.07593408524990082 0.010054749371206104
45 val: 0.075852769613266 0.01036765020492628
46 val: 0.07596413046121597 0.010323941172369571
47 val: 0.07584457844495773 0.010334519759486911
48 val: 0.07585072219371795 0.010108668970569078
49 val: 0.07580327987670898 0.010061477643430381
50 val: 0.07563502937555314 0.010021836996545682
51 val: 0.07564361244440079 0.010143455075292733
52 val: 0.07572015970945359 0.010260695924490562
53 val: 0.07548273950815201 0.009918095240758854
54 val: 0.07580259740352631 0.010167421884553017
55 val: 0.0759417474269867 0.009917425663940597
56 val: 0.07553885877132416 0.0100934901130065
57 val: 0.07548951655626297 0.010282312859622217
58 val: 0.07561190128326416 0.010217724908891026
59 val: 0.07571459859609604 0.010156109222241576
60 val: 0.07547365874052048 0.010311334988181023
61 val: 0.0754434660077095 0.009988379970862632
62 val: 0.07566223293542862 0.010189678082871603
63 val: 0.07533140778541565 0.010156089351590406
64 val: 0.07556156069040298 0.010393876459349798
65 val: 0.07547089010477066 0.010294082159781646
66 val: 0.07527596354484559 0.009832121636095273
67 val: 0.0752647265791893 0.009981781985993398
68 val: 0.07531274110078812 0.010145147586391816
69 val: 0.07553009688854218 0.010224582749174463
70 val: 0.07533777952194214 0.010260139902774123
