1 val: 0.09122359156608581 0.009388144105948204
2 val: 0.09058707803487778 0.009654426930229946
3 val: 0.08977689445018769 0.009596601711645041
4 val: 0.08931250870227814 0.009879173062939865
5 val: 0.08871833980083466 0.010506219219443055
6 val: 0.08727091103792191 0.009540652073980645
7 val: 0.08587512820959091 0.008577056597923743
8 val: 0.08518754839897155 0.008463959995217705
9 val: 0.08436755686998368 0.008864574704616362
10 val: 0.08328098952770233 0.008647139159135066
11 val: 0.08279044181108475 0.008904949800700949
12 val: 0.08192773908376694 0.009080610049410342
13 val: 0.0812797263264656 0.009046358769938314
14 val: 0.08085687011480332 0.008822045618106313
15 val: 0.08061419427394867 0.008757900739111493
16 val: 0.07981765270233154 0.008548375248048579
17 val: 0.07970775365829467 0.008408359246961795
18 val: 0.07905530035495759 0.008364301993346852
19 val: 0.07917064726352692 0.00851511770576215
20 val: 0.07875171601772309 0.008670009405446773
21 val: 0.07857704013586045 0.008574800670369349
22 val: 0.0783824548125267 0.008780419018312034
23 val: 0.0779410406947136 0.008542686074479056
24 val: 0.07817059606313706 0.008665407414258976
25 val: 0.07797741889953613 0.008680829842554418
26 val: 0.07777748107910157 0.00856661604523466
27 val: 0.07758162468671799 0.008665454038714108
28 val: 0.07735892683267594 0.008693911436248467
29 val: 0.07739003598690034 0.008435165182735673
30 val: 0.07694791853427888 0.008589543739705524
31 val: 0.07704805582761765 0.008304943859879219
32 val: 0.0772027999162674 0.008626540744828284
33 val: 0.07683747112751008 0.008696290671270592
34 val: 0.0766231209039688 0.008728511501736227
35 val: 0.07697417438030243 0.009002450398874613
36 val: 0.0766978070139885 0.008866032322399868
37 val: 0.07678090035915375 0.00863963709846094
38 val: 0.07664205878973007 0.008816561746925035
39 val: 0.07662376165390014 0.008892124758300202
40 val: 0.07665401697158813 0.008910330114186913
41 val: 0.07652610689401626 0.008936392589086541
42 val: 0.07629611045122146 0.008846919271643253
43 val: 0.07630928158760071 0.008820537619950065
44 val: 0.07628584057092666 0.008881161381003498
45 val: 0.07616768479347229 0.009016616240935678
46 val: 0.07607363015413285 0.008892517680099101
47 val: 0.07615821361541748 0.008966056838718699
48 val: 0.07625551074743271 0.008879455000801867
49 val: 0.07595063000917435 0.00890525176061657
50 val: 0.07609935253858566 0.00893090622647544
51 val: 0.07593473941087722 0.008848813954023729
52 val: 0.07583785802125931 0.008775439324883613
53 val: 0.07579958736896515 0.008976573104396646
54 val: 0.07577236741781235 0.008718590901290887
55 val: 0.075931416451931 0.008790857145700255
56 val: 0.07577562630176544 0.00898570654303008
57 val: 0.07571679651737213 0.009002851720973686
58 val: 0.07560145109891891 0.009059121667674863
59 val: 0.07593767642974854 0.008792754329456798
60 val: 0.0756363719701767 0.009020866210666455
61 val: 0.07588173896074295 0.008744745299470436
62 val: 0.07548951953649521 0.009079575957163955
63 val: 0.07534680664539337 0.00893610280383925
64 val: 0.07550338357686996 0.009094912980592942
65 val: 0.07578275501728057 0.008880355542039132
66 val: 0.07546894997358322 0.008854337969219748
67 val: 0.0754597470164299 0.008819062501772066
68 val: 0.07561616748571395 0.008803321367550923
69 val: 0.07547474652528763 0.009134981626761478
70 val: 0.07569582462310791 0.008961479570676424
