1 val: 0.13864508271217346 0.007985545665655423
2 val: 0.13552531003952026 0.00928164449378687
3 val: 0.1328175500035286 0.009365141299449953
4 val: 0.1315983861684799 0.010130198077356727
5 val: 0.12919457107782364 0.010609575388141166
6 val: 0.12814428359270097 0.01151401605693075
7 val: 0.1279049411416054 0.011871352623461614
8 val: 0.12674723863601683 0.012534132414218472
9 val: 0.12624481767416001 0.012252352278161741
10 val: 0.12473862320184707 0.01265918169696029
11 val: 0.12391027212142944 0.012980426788262497
12 val: 0.12428509742021561 0.011921586434033377
13 val: 0.12332403659820557 0.011977399040872472
14 val: 0.12358645796775818 0.0123831180634069
15 val: 0.12344516962766647 0.011592066492972064
16 val: 0.12280082404613495 0.012300272360669377
17 val: 0.12360305488109588 0.012527812391268985
18 val: 0.12271423190832138 0.012278185398355377
19 val: 0.12287313491106033 0.012463022238742943
20 val: 0.12240306288003922 0.012985034398315845
21 val: 0.12226915061473846 0.011978410564122872
22 val: 0.12221871763467788 0.012818716038296008
23 val: 0.1213930904865265 0.012377248022916796
24 val: 0.12244041860103608 0.012710155162293296
25 val: 0.12231509834527969 0.012293564569816107
26 val: 0.12155224233865738 0.012535424229249898
27 val: 0.12181642502546311 0.012173689949488451
28 val: 0.12125462144613267 0.012004132918200084
29 val: 0.1214309424161911 0.013195154480684795
30 val: 0.12192346304655075 0.012318135211205977
31 val: 0.1221553549170494 0.012329716224747996
32 val: 0.12173765748739243 0.012274761815281256
33 val: 0.12199754118919373 0.012556303794761392
34 val: 0.12119853049516678 0.012036691812402255
35 val: 0.12179201543331146 0.012400072404266525
36 val: 0.12068590074777603 0.012358690383628872
37 val: 0.12069450169801713 0.012213014093678752
38 val: 0.12151230871677399 0.01272016259533831
39 val: 0.12130681425333023 0.012059707120341198
40 val: 0.12149693220853805 0.01318254644983963
41 val: 0.12108693271875381 0.012267356545340018
42 val: 0.12096034437417984 0.012669948842817661
43 val: 0.12121727764606476 0.011813965270385305
44 val: 0.12129969149827957 0.012597117461602223
45 val: 0.12037796527147293 0.012134116937395861
46 val: 0.1213763564825058 0.011930696633854177
47 val: 0.1207852840423584 0.01240263599105407
48 val: 0.12100280374288559 0.012175150273497533
49 val: 0.12170140147209167 0.012296472300530834
50 val: 0.12052201926708221 0.011961801068443911
51 val: 0.1213195949792862 0.01197023238421593
52 val: 0.12040691673755646 0.011313736917607866
53 val: 0.12099755257368087 0.012914744932853661
54 val: 0.12053223550319672 0.012276030084718165
55 val: 0.12088534832000733 0.012033784045803653
56 val: 0.12066037356853485 0.012612866909566138
57 val: 0.121008962392807 0.013286375906216773
58 val: 0.12095363736152649 0.012286807872448936
59 val: 0.12124688923358917 0.012625407551769966
60 val: 0.12056673318147659 0.012263321308033492
61 val: 0.1206893116235733 0.012247938861424154
62 val: 0.1210177019238472 0.012676574038815488
63 val: 0.12021641731262207 0.011557811155008164
64 val: 0.12052431851625442 0.011875781821742584
65 val: 0.12041622400283813 0.012605759106789304
66 val: 0.12076882272958755 0.012084032294668355
67 val: 0.12022883296012879 0.012055203173646995
68 val: 0.1205793097615242 0.011884931792561447
69 val: 0.12123862951993943 0.012634182805267192
70 val: 0.12041783481836318 0.011701537433196097
