1 val: 0.094922836124897 0.009009667693183858
2 val: 0.09312418401241303 0.008914611727364057
3 val: 0.0911724641919136 0.009807559209987821
4 val: 0.09084426909685135 0.011821567162912869
5 val: 0.09013020694255829 0.012840241656027675
6 val: 0.08884740471839905 0.0136204431099491
7 val: 0.08619784861803055 0.013977558600242444
8 val: 0.08352115750312805 0.01365560641162544
9 val: 0.08188181221485138 0.013012384755022685
10 val: 0.07989483028650284 0.012521417889201443
11 val: 0.07850578278303147 0.01237681336082002
12 val: 0.07743612676858902 0.012330214098929997
13 val: 0.07630536556243897 0.011606186048651894
14 val: 0.07517894953489304 0.011799108558985255
15 val: 0.07490985095500946 0.011364166502145442
16 val: 0.07410231232643127 0.010950299227916354
17 val: 0.07317672520875931 0.010962168319078818
18 val: 0.07279453128576278 0.010750410886687609
19 val: 0.07248500436544418 0.01066206688199669
20 val: 0.07210806459188461 0.010899465270119287
21 val: 0.07178662568330765 0.010898541528837687
22 val: 0.07147200107574463 0.010616744911959377
23 val: 0.07120289802551269 0.010420290243427034
24 val: 0.07044241428375245 0.010549485261800776
25 val: 0.0705224484205246 0.010469550054745695
26 val: 0.07009349316358567 0.01008603553153066
27 val: 0.06997921466827392 0.010359921786866108
28 val: 0.06995459794998168 0.01045161901200621
29 val: 0.06981560587882996 0.010130108462164104
30 val: 0.06976363137364387 0.010714802369567596
31 val: 0.06948482915759087 0.010094906383354163
32 val: 0.06919586285948753 0.010218354738055768
33 val: 0.06908435970544816 0.010047563879066666
34 val: 0.069148188829422 0.010355771031235417
35 val: 0.06891644597053528 0.009919779751097833
36 val: 0.06867466792464257 0.00980317532046389
37 val: 0.06862314715981484 0.010003311925973195
38 val: 0.06862498521804809 0.010105160403083764
39 val: 0.06830477342009544 0.010430588665824086
40 val: 0.06857490614056587 0.010585745152719152
41 val: 0.06831034496426583 0.009866051977290183
42 val: 0.06805283576250076 0.009868206532604343
43 val: 0.06812491491436959 0.009936654463543937
44 val: 0.06786493957042694 0.00975994733546659
45 val: 0.06803326308727264 0.010163206258908764
46 val: 0.06783430501818657 0.009948971621847191
47 val: 0.0679487369954586 0.009959678715089381
48 val: 0.06770338788628578 0.009893662763858998
49 val: 0.06783339530229568 0.010114108284030312
50 val: 0.06765830218791961 0.009914932565893491
51 val: 0.06733565181493759 0.009830704449003934
52 val: 0.06754269450902939 0.009764079549158441
53 val: 0.06752812266349792 0.00973281477466968
54 val: 0.06760452911257744 0.010062762488974024
55 val: 0.06747496277093887 0.009781461096005596
56 val: 0.06753943488001823 0.010157649198119486
57 val: 0.06758169457316399 0.010033426301675207
58 val: 0.0672034852206707 0.01003858072058164
59 val: 0.06742083504796029 0.009809915472525304
60 val: 0.06708678603172302 0.010008542398002742
61 val: 0.06713127121329307 0.009853194580494358
62 val: 0.06705550476908684 0.00987335662407054
63 val: 0.06704244837164879 0.009937500684303817
64 val: 0.0671682246029377 0.009650758601783571
65 val: 0.06704725623130799 0.009986510123019881
66 val: 0.06703054159879684 0.00983018306446956
67 val: 0.06692801862955093 0.00983226672740458
68 val: 0.06685624942183495 0.009902032971031921
69 val: 0.06692349761724473 0.009870757152850821
70 val: 0.06683180406689644 0.009939472582775697
