1 val: 0.09122644513845443 0.008842174542495567
2 val: 0.09063953757286072 0.008543492636708477
3 val: 0.08970304727554321 0.008839444738569936
4 val: 0.08964689970016479 0.008476974194707956
5 val: 0.08874353915452957 0.008243515522947647
6 val: 0.08778143525123597 0.008243333909877758
7 val: 0.08651540875434875 0.008606190994326518
8 val: 0.08586998432874679 0.008807098771349322
9 val: 0.08492565602064132 0.008866165961632231
10 val: 0.08454098999500274 0.009775474529599405
11 val: 0.08331172615289688 0.009577798887991686
12 val: 0.08273600935935974 0.009277125271385642
13 val: 0.08148402124643325 0.009553278042394928
14 val: 0.08088701814413071 0.00970818978353009
15 val: 0.08064362853765487 0.009883091400857615
16 val: 0.08039196282625198 0.009705845232105896
17 val: 0.07999901920557022 0.00974726160480891
18 val: 0.07918273955583573 0.009717954674273917
19 val: 0.07994287461042404 0.01004395520101643
20 val: 0.07934701293706894 0.009946578437135813
21 val: 0.07910254150629044 0.010125463820941191
22 val: 0.07873213440179824 0.010251056968865727
23 val: 0.07865051180124283 0.009875968013793993
24 val: 0.07843984812498092 0.0100574250184877
25 val: 0.07824866473674774 0.010262897554481037
26 val: 0.07829138487577439 0.010086798552389328
27 val: 0.07818970829248428 0.010114720672067897
28 val: 0.07758376002311707 0.009859359616474047
29 val: 0.07819804102182389 0.010149159542056939
30 val: 0.07772949934005738 0.010586050835176428
31 val: 0.07781525254249573 0.01028022844470787
32 val: 0.0775237262248993 0.010383620497389659
33 val: 0.0773121953010559 0.010092571984403319
34 val: 0.07748493999242782 0.009978937029649521
35 val: 0.07751178741455078 0.010437618533527699
36 val: 0.07709135711193085 0.010320982025802774
37 val: 0.07723643779754638 0.010290099231710939
38 val: 0.0772994190454483 0.010040618474914076
39 val: 0.07708571255207061 0.010358367549781306
40 val: 0.07707198709249496 0.010172845812300912
41 val: 0.0769376054406166 0.010236562081148797
42 val: 0.07670687288045883 0.010084560218667483
43 val: 0.07670674622058868 0.009977543819092216
44 val: 0.07656776756048203 0.010064788031093895
45 val: 0.07658417075872422 0.010303485585490444
46 val: 0.07651101052761078 0.010263674039902314
47 val: 0.07635051757097244 0.010457921991088645
48 val: 0.07647416591644288 0.01052405026698385
49 val: 0.07645812183618546 0.010101088597784982
50 val: 0.07626875340938569 0.010299178440176722
51 val: 0.07633485794067382 0.010435469009948852
52 val: 0.07637182921171189 0.010365527319746702
53 val: 0.07634283900260926 0.010267589019567017
54 val: 0.07628794014453888 0.010109998003757519
55 val: 0.07634967565536499 0.010611800886444343
56 val: 0.07604186981916428 0.010336556222133052
57 val: 0.07640684098005295 0.010520300005856568
58 val: 0.07615976780653 0.01055485222693244
59 val: 0.07626320272684098 0.010274174796563661
60 val: 0.07607251107692718 0.010657263930045915
61 val: 0.07599178403615951 0.010540130417999895
62 val: 0.07624873071908951 0.010738825379470636
63 val: 0.07604296356439591 0.010266057681668292
64 val: 0.07624133676290512 0.010355314056297566
65 val: 0.07604205906391144 0.01036705693637544
66 val: 0.0759289339184761 0.010416129126372532
67 val: 0.07599445581436157 0.010128540079379775
68 val: 0.07620434761047364 0.010532019479803869
69 val: 0.07582499533891678 0.010529638926637882
70 val: 0.07600446194410324 0.01056254050130353
