1 val: 0.09417752921581268 0.009429734929605157
2 val: 0.09237409383058548 0.00869421724720385
3 val: 0.09096590280532837 0.009478812730338569
4 val: 0.09029545485973359 0.010626809190844182
5 val: 0.08899575620889663 0.011430362805736843
6 val: 0.0868985652923584 0.012058830967135309
7 val: 0.08465147912502288 0.012715126112147918
8 val: 0.08202636688947677 0.011603550340841123
9 val: 0.08047810792922974 0.011196395283405375
10 val: 0.07872430086135865 0.01060511170746224
11 val: 0.07750368267297744 0.010952656691801375
12 val: 0.07659001052379608 0.011109439961779037
13 val: 0.07581842839717864 0.011112761348036931
14 val: 0.07501939088106155 0.011081756269463332
15 val: 0.07439702600240708 0.010906169421015114
16 val: 0.07339053004980087 0.010381406532540502
17 val: 0.07310314476490021 0.010456407096978622
18 val: 0.07268303334712982 0.010602938610028392
19 val: 0.07232890427112579 0.010503882742998193
20 val: 0.0720796376466751 0.010484257304029944
21 val: 0.07202074974775315 0.010769385737399247
22 val: 0.0715467870235443 0.010809004114942917
23 val: 0.07151009738445283 0.010413765674653382
24 val: 0.07105571180582046 0.010726022909720417
25 val: 0.07097928375005721 0.010777717229224404
26 val: 0.07096634060144424 0.010962144511838821
27 val: 0.07075097858905792 0.010884124601504008
28 val: 0.07052796930074692 0.010495935086424933
29 val: 0.07037857919931412 0.010391191558901006
30 val: 0.07025457248091697 0.010489991013429501
31 val: 0.0700839839875698 0.010362299083323657
32 val: 0.06993301287293434 0.010554221294263994
33 val: 0.06977764368057252 0.010577339908640692
34 val: 0.06978096961975097 0.01021788175286392
35 val: 0.06960684284567834 0.010344018837875679
36 val: 0.06947676315903664 0.01050054301089239
37 val: 0.06953961551189422 0.010546710991150364
38 val: 0.06936461701989174 0.01077562776409559
39 val: 0.06935976892709732 0.010724724586024827
40 val: 0.06933382600545883 0.01049046332479322
41 val: 0.06915062814950942 0.0105515580754021
42 val: 0.06903916150331497 0.010528420781508273
43 val: 0.06902922987937928 0.010580793664297266
44 val: 0.06902674809098244 0.010577534649718043
45 val: 0.06876572892069817 0.0107691673177613
46 val: 0.06899150907993316 0.01060928904256161
47 val: 0.06886461675167084 0.010675146976058869
48 val: 0.06880469471216202 0.010500120658548096
49 val: 0.06860468909144402 0.010729748927441224
50 val: 0.06851625591516494 0.010607041393974143
51 val: 0.06859156861901283 0.010625641798983952
52 val: 0.0684573344886303 0.010529762001980187
53 val: 0.06860869377851486 0.010694819458686911
54 val: 0.06838701963424683 0.010747470820275646
55 val: 0.0684199146926403 0.010507050319611947
56 val: 0.06830745413899422 0.010717198467977638
57 val: 0.06837828531861305 0.010624322019548108
58 val: 0.06824374049901963 0.010749880191971154
59 val: 0.06850044652819634 0.01052464936345781
60 val: 0.06817976832389831 0.010648058442244703
61 val: 0.06829589977860451 0.01080530726835988
62 val: 0.06808753535151482 0.010766803128332279
63 val: 0.06808013692498208 0.010776499741005842
64 val: 0.06799760833382607 0.010625054247545012
65 val: 0.06810624822974205 0.01083869360561541
66 val: 0.06812535971403122 0.010523423585677103
67 val: 0.06790341138839721 0.010750121420758983
68 val: 0.06807107329368592 0.010592269773364655
69 val: 0.06781326755881309 0.010682126207836366
70 val: 0.06808388009667396 0.010703095338236155
