1 val: 0.13722688257694243 0.007904599390581302
2 val: 0.13437626957893373 0.010074231521132978
3 val: 0.13118588030338288 0.01201467428678761
4 val: 0.1293983653187752 0.011814221818236333
5 val: 0.12804255932569503 0.010747664042135225
6 val: 0.12701955139636995 0.012247018770890853
7 val: 0.126138074696064 0.012065909881221963
8 val: 0.12497433423995971 0.012585283750116605
9 val: 0.12380866110324859 0.012107115913256642
10 val: 0.12324289381504058 0.012140787894369268
11 val: 0.12279354631900788 0.012144045668347281
12 val: 0.12268266528844833 0.012437251510389852
13 val: 0.12193553596735 0.011936651315774835
14 val: 0.12216737866401672 0.012348421165611578
15 val: 0.12169413268566132 0.011949827298920407
16 val: 0.12203815877437592 0.012283891385804555
17 val: 0.12282703369855881 0.011600222807803361
18 val: 0.12164422273635864 0.011664703469988175
19 val: 0.12192537784576415 0.012067262553824579
20 val: 0.12097820192575455 0.011463151188302106
21 val: 0.12081380933523178 0.011174746990068195
22 val: 0.12059282064437866 0.011459785008192832
23 val: 0.12138783037662507 0.011915676423993353
24 val: 0.12082639187574387 0.012042633215443209
25 val: 0.1207968309521675 0.0119427773964521
26 val: 0.12014560550451278 0.011185973643084143
27 val: 0.11963659226894378 0.010884104983711012
28 val: 0.12000932842493058 0.012066689729217076
29 val: 0.12088534832000733 0.01249057770295091
30 val: 0.12203118354082107 0.01183852476353576
31 val: 0.12088922411203384 0.011216949280145192
32 val: 0.12044918686151504 0.010780367831788172
33 val: 0.12048731446266174 0.011900595826386084
34 val: 0.12071052342653274 0.010955298203941748
35 val: 0.12017518877983094 0.011315258006481099
36 val: 0.12007589787244796 0.0118514051411627
37 val: 0.12095888555049897 0.012137323999344517
38 val: 0.12062670141458512 0.011337373216450498
39 val: 0.12015879303216934 0.011709036032327725
40 val: 0.12137753665447235 0.011986762496221938
41 val: 0.12051926851272583 0.01156592168591683
42 val: 0.12023472040891647 0.011049665937349677
43 val: 0.12017521858215333 0.011426374512362983
44 val: 0.12051568627357483 0.01222591744046916
45 val: 0.11952159851789475 0.011269828918265874
46 val: 0.12067593932151795 0.011184193991384588
47 val: 0.12035043686628341 0.011671291841683116
48 val: 0.11983202397823334 0.011247706688337083
49 val: 0.1212092474102974 0.011074349384241362
50 val: 0.12037894874811172 0.010952547678183147
51 val: 0.11994943469762802 0.011092391766505231
52 val: 0.12029474675655365 0.011325949008515978
53 val: 0.12041313946247101 0.011246644095916658
54 val: 0.12061638683080673 0.010050580826886063
55 val: 0.12022231072187424 0.011994964414697424
56 val: 0.12036216408014297 0.011315025340506928
57 val: 0.11976344883441925 0.011656172869405628
58 val: 0.12000415325164795 0.01150524425215443
59 val: 0.12019073069095612 0.01125618243397889
60 val: 0.11998376250267029 0.010991083754571708
61 val: 0.11968037486076355 0.011340315423236895
62 val: 0.119743911921978 0.011205120985970925
63 val: 0.12014041841030121 0.01075089279705193
64 val: 0.11985146552324295 0.011682905195344281
65 val: 0.12014148235321045 0.01239571694615609
66 val: 0.12010715007781983 0.011317269233764487
67 val: 0.12018580585718155 0.011596512546892954
68 val: 0.11977512389421463 0.010987127762873115
69 val: 0.12094291746616363 0.01167304609480129
70 val: 0.12058093696832657 0.010837408570991972
