1 val: 0.09323311746120452 0.009577733854323481
2 val: 0.09202756732702255 0.009536630264250218
3 val: 0.09074318259954453 0.010233295540014837
4 val: 0.08990724384784698 0.011571887545925554
5 val: 0.08890973627567292 0.01215456348846607
6 val: 0.08719923943281174 0.012415591587690704
7 val: 0.08461923897266388 0.01228500230354832
8 val: 0.08238975554704667 0.01132076488851043
9 val: 0.08049593716859818 0.011399595140590506
10 val: 0.07940339893102646 0.011475640170732828
11 val: 0.07824125736951829 0.011326036816518706
12 val: 0.07710744142532348 0.011004830761165861
13 val: 0.07598621398210526 0.011098758921182625
14 val: 0.07562876790761948 0.010654987318318496
15 val: 0.074960657954216 0.01021748368617852
16 val: 0.07398373633623123 0.010282682387247995
17 val: 0.07365185916423797 0.01010802894268723
18 val: 0.07343805879354477 0.010466161306419986
19 val: 0.07275843769311904 0.010235264421088863
20 val: 0.07238486558198928 0.01039673011480003
21 val: 0.07186533063650132 0.010144149888977787
22 val: 0.07175549417734146 0.01038742365763245
23 val: 0.07147300690412521 0.010282111954474269
24 val: 0.07119468301534652 0.009955830312975788
25 val: 0.0708401381969452 0.010274644475704395
26 val: 0.07093009501695632 0.010217839698684839
27 val: 0.07073533087968827 0.009891554155550262
28 val: 0.07028136849403381 0.010059675987445206
29 val: 0.07047350257635117 0.009846179568267756
30 val: 0.07025674879550933 0.009828733340277349
31 val: 0.06994196623563767 0.009851782422501192
32 val: 0.06999814212322235 0.009763313964511067
33 val: 0.06978532075881957 0.009926195706930199
34 val: 0.06979738771915436 0.00968235778707134
35 val: 0.06957072839140892 0.00959504242019052
36 val: 0.0696125566959381 0.009666778186865739
37 val: 0.06944827511906623 0.00978016016746617
38 val: 0.06950716376304626 0.00985640828277698
39 val: 0.06938673704862594 0.009671455479756924
40 val: 0.06928429603576661 0.009535616516461296
41 val: 0.06928486451506614 0.00970704488723353
42 val: 0.06907924935221672 0.009603575112760505
43 val: 0.06890877038240432 0.00952402158016199
44 val: 0.06909448578953743 0.009573645220124632
45 val: 0.06909641474485398 0.009585045842081795
46 val: 0.06908104866743088 0.009718586224740556
47 val: 0.0690400943160057 0.009638690680297818
48 val: 0.069007308781147 0.009476893056700377
49 val: 0.06902194991707802 0.009529647585890465
50 val: 0.06889618709683418 0.009667034399444193
51 val: 0.06877612099051475 0.009674780489502221
52 val: 0.06849625036120414 0.009677290563327239
53 val: 0.0689185231924057 0.009632106031673355
54 val: 0.0687853068113327 0.009714588478435414
55 val: 0.0686988279223442 0.009703996302508221
56 val: 0.06877277940511703 0.009683656599447433
57 val: 0.06854888871312141 0.00968638900079168
58 val: 0.06859901919960976 0.009473321545141258
59 val: 0.06859287098050118 0.009475340369205693
60 val: 0.06845879703760147 0.009781855036154087
61 val: 0.06861971244215966 0.009614371719039623
62 val: 0.06855312883853912 0.009736988833291212
63 val: 0.06826922744512558 0.009734918993580076
64 val: 0.06833410188555718 0.009506107941453954
65 val: 0.06842251345515252 0.0094794629096094
66 val: 0.06847870945930482 0.009640102767142684
67 val: 0.0684601292014122 0.009787566679045392
68 val: 0.06846470534801483 0.009546585663612116
69 val: 0.06831789761781693 0.009339556800725565
70 val: 0.06839879527688027 0.009581175179044684
