1 val: 0.08818493634462357 0.008002777183652554
2 val: 0.08734490424394607 0.008390379940225859
3 val: 0.08550659716129302 0.008453700787639153
4 val: 0.08360987454652787 0.009104886121409979
5 val: 0.08236507922410966 0.008953675087863065
6 val: 0.0815822497010231 0.009123754938250945
7 val: 0.08045767396688461 0.00899767908046037
8 val: 0.07944755852222443 0.008923219024646675
9 val: 0.07838707864284515 0.008974810448180085
10 val: 0.07806031107902527 0.008677983103040177
11 val: 0.07711484581232071 0.008819779757466584
12 val: 0.07673845589160919 0.009083519179700955
13 val: 0.07666613757610322 0.009103377917171758
14 val: 0.0762806385755539 0.008781633610778316
15 val: 0.07591571658849716 0.00889361756601655
16 val: 0.07598876357078552 0.008738288575529432
17 val: 0.07573149055242538 0.008987212087235267
18 val: 0.07527219504117966 0.009007563560870525
19 val: 0.07564144432544709 0.00873299076209505
20 val: 0.07505093216896057 0.009048617387667593
21 val: 0.07505938410758972 0.009063007201665639
22 val: 0.07489019781351089 0.008972815700127094
23 val: 0.0745661735534668 0.00881185413146097
24 val: 0.07498143911361695 0.00879368725022995
25 val: 0.07464232295751572 0.00904225290755438
26 val: 0.07471810728311538 0.009006748208368286
27 val: 0.07446200549602508 0.009070764103790733
28 val: 0.07435217052698136 0.009067890919639283
29 val: 0.07419263273477554 0.00900298638111107
30 val: 0.0742828220129013 0.009158961178490195
31 val: 0.07434629052877426 0.00901516860561854
32 val: 0.07422676533460618 0.008790508718033612
33 val: 0.07414520382881165 0.008937123004806105
34 val: 0.07412706762552261 0.00883289586061324
35 val: 0.07408982366323472 0.008922941230712855
36 val: 0.07398906499147415 0.008912471667726725
37 val: 0.07411576062440872 0.00897317401121834
38 val: 0.07385104596614837 0.008882506103215069
39 val: 0.07398691624403 0.008870674820839265
40 val: 0.0739059492945671 0.009054961520400124
41 val: 0.07396102994680405 0.008751926815870286
42 val: 0.07369367480278015 0.008837382407293249
43 val: 0.07397891134023667 0.008911571004374326
44 val: 0.07366269081830978 0.00912788987532941
45 val: 0.07376663088798523 0.008971035998256723
46 val: 0.07371162325143814 0.00885881321821501
47 val: 0.07353494912385941 0.008943167160935963
48 val: 0.07350177168846131 0.00896190454720522
49 val: 0.07367662042379379 0.009061429370391892
50 val: 0.07345051616430283 0.008755956586730384
51 val: 0.07351277619600297 0.008922375384079202
52 val: 0.07355778962373734 0.008913617564217966
53 val: 0.07353906333446503 0.008807678906258882
54 val: 0.07352600991725922 0.008936506936285102
55 val: 0.07346169203519821 0.008702341537807445
56 val: 0.07345518469810486 0.00887635797872202
57 val: 0.07349586039781571 0.008898269318460753
58 val: 0.07342515736818314 0.008963909307423294
59 val: 0.07332749813795089 0.00911879093146347
60 val: 0.0734069362282753 0.008937136378237218
61 val: 0.07325853407382965 0.008970939660906006
62 val: 0.07350150495767593 0.008888880866867297
63 val: 0.07326085418462754 0.008776260134294674
64 val: 0.07328097969293594 0.009063409640313973
65 val: 0.07345100343227387 0.009004120633057226
66 val: 0.07344241887331009 0.009002004130297638
67 val: 0.07341230064630508 0.009032321226506304
68 val: 0.07339775860309601 0.008865791147447724
69 val: 0.07323956787586212 0.008943065688329076
70 val: 0.07335214763879776 0.00905227214953934
