1 val: 0.13485610783100127 0.010827705433871647
2 val: 0.13082123845815657 0.011431003436562845
3 val: 0.12812438756227493 0.011647572086687116
4 val: 0.12498708069324493 0.012260087238528405
5 val: 0.12453953474760056 0.012234498754295116
6 val: 0.12327786684036254 0.012096260609678021
7 val: 0.12352799624204636 0.011849784768444394
8 val: 0.12331955432891846 0.012029657298942493
9 val: 0.12323379367589951 0.012072303949177868
10 val: 0.1233749121427536 0.012514008813353227
11 val: 0.12346284836530685 0.012016930808942288
12 val: 0.12334542274475098 0.012465994320659597
13 val: 0.12380659580230713 0.011993752286929792
14 val: 0.12399594187736511 0.011747681318793028
15 val: 0.12408822029829025 0.012296887746015114
16 val: 0.12355073541402817 0.012173882120272433
17 val: 0.1232392132282257 0.012425977495614268
18 val: 0.12295264154672622 0.012011566466801097
19 val: 0.1232365682721138 0.012288400068834146
20 val: 0.12254080176353455 0.012637431573294724
21 val: 0.12222672998905182 0.012339584143218861
22 val: 0.12266964316368104 0.012797572398001002
23 val: 0.1222029060125351 0.012392761043778053
24 val: 0.12290319353342057 0.013228050143243731
25 val: 0.12196652889251709 0.012360146292335507
26 val: 0.12261966913938523 0.012154557756196107
27 val: 0.12172547280788422 0.012742269657186646
28 val: 0.12158557325601578 0.012508812243685023
29 val: 0.12123830914497376 0.011550010267802073
30 val: 0.12243828177452087 0.012439816235829623
31 val: 0.12209106683731079 0.012580380724481944
32 val: 0.12214327007532119 0.012781039185722017
33 val: 0.12131416201591491 0.011825060214226019
34 val: 0.12154212892055512 0.012432126289664811
35 val: 0.12161928415298462 0.011892481345260027
36 val: 0.12148407250642776 0.011607477169397749
37 val: 0.12111813575029373 0.011872287625815969
38 val: 0.12118952870368957 0.011989217875780524
39 val: 0.12168636173009872 0.012197938025215464
40 val: 0.12157500386238099 0.012590654747071623
41 val: 0.1207452654838562 0.012430350182326091
42 val: 0.12080672681331635 0.011920691316699357
43 val: 0.12119540721178054 0.01196107604587486
44 val: 0.12079541683197022 0.011639582083225396
45 val: 0.12113746404647827 0.011989304546391834
46 val: 0.12018260210752488 0.011129826502657906
47 val: 0.12089966386556625 0.011506208772308592
48 val: 0.12142294049263 0.011449263577002674
49 val: 0.12113762497901917 0.012173564274858481
50 val: 0.12092238664627075 0.011306117943508314
