1 val: 0.09397651404142379 0.0093869929477238
2 val: 0.0924409344792366 0.009429184422958791
3 val: 0.09168031662702561 0.01000994789940137
4 val: 0.09041587263345718 0.00983363750812484
5 val: 0.089506596326828 0.011780200702148629
6 val: 0.08794555366039276 0.011769828576671132
7 val: 0.0858830228447914 0.011958995734750639
8 val: 0.08347793966531754 0.012369077301509322
9 val: 0.08199682831764221 0.012388492530848234
10 val: 0.08030806928873062 0.01155459308610254
11 val: 0.0789188101887703 0.011430237228471227
12 val: 0.0774239495396614 0.011127723876268932
13 val: 0.0765972912311554 0.011426400064223532
14 val: 0.0759030744433403 0.011209430277953014
15 val: 0.07524154633283615 0.010782048487383853
16 val: 0.07443641871213913 0.010517318887934984
17 val: 0.07371949106454849 0.010275866793176585
18 val: 0.07321861386299133 0.010526034658360118
19 val: 0.07269721329212189 0.010308830229454655
20 val: 0.07228895276784897 0.010274279246303062
21 val: 0.07191193848848343 0.01053525941269696
22 val: 0.07151405960321426 0.01011931119288529
23 val: 0.07144370079040527 0.010167411711421125
24 val: 0.07120079398155213 0.0102999947733321
25 val: 0.07090115994215011 0.010139180908632877
26 val: 0.070980966091156 0.009972491672081535
27 val: 0.07064730823040008 0.009726495948619563
28 val: 0.07054417133331299 0.009930793910913857
29 val: 0.07048026174306869 0.010149658229362432
30 val: 0.07001271992921829 0.009682005347655226
31 val: 0.07017070949077606 0.009609997030377274
32 val: 0.06984531953930855 0.009922099086523058
33 val: 0.06955313608050347 0.009807426032311536
34 val: 0.06962326616048813 0.009703761634910355
35 val: 0.06943721771240234 0.00976983179981381
36 val: 0.06933338046073914 0.009614797959133118
37 val: 0.06935750022530555 0.009612144776290922
38 val: 0.06923270896077156 0.009914596522511431
39 val: 0.06931983008980751 0.009640981234032522
40 val: 0.06900611072778702 0.009840488440365487
41 val: 0.06899186223745346 0.00980497224552578
42 val: 0.06888289973139763 0.009608106164453446
43 val: 0.06891586259007454 0.009475176284211118
44 val: 0.06897686496376991 0.009558267782136799
45 val: 0.06867253556847572 0.009605938408986072
46 val: 0.06876256465911865 0.009455383937505765
47 val: 0.06871586591005326 0.009557655654866475
48 val: 0.06862570941448212 0.009538911294287593
49 val: 0.06866672784090042 0.009765785289955484
50 val: 0.068467615544796 0.009649327989109445
51 val: 0.06827699393033981 0.009603088740292398
52 val: 0.06849510446190835 0.00980170860530242
53 val: 0.06838438138365746 0.009637591382697416
54 val: 0.06844526827335358 0.009701061828037547
55 val: 0.06820523366332054 0.009432840602553083
56 val: 0.06841227635741234 0.009862680682158176
57 val: 0.06829147189855575 0.009732976545192269
58 val: 0.06827127635478973 0.009779633385368865
59 val: 0.06828510612249375 0.00959383213784195
60 val: 0.06809448748826981 0.009728316616085253
61 val: 0.06798650920391083 0.009591654126606822
62 val: 0.06801398694515229 0.009571154608381732
63 val: 0.06795456409454345 0.00970026229167522
64 val: 0.06800571382045746 0.00955192130899442
65 val: 0.06789473593235015 0.009583596321311798
66 val: 0.06805467382073402 0.009544914310823768
67 val: 0.06813000217080116 0.00962428090170836
68 val: 0.06787623539566993 0.009722289503286253
69 val: 0.06785549744963645 0.009758434861574568
70 val: 0.06774879172444344 0.00957908645808218
