1 val: 0.08914405107498169 0.007962238987085101
2 val: 0.08818929344415664 0.008245333095873176
3 val: 0.0861627921462059 0.008730088792071489
4 val: 0.08490492701530457 0.008414599561560319
5 val: 0.08317998051643372 0.008439539358400677
6 val: 0.08204458951950074 0.00884491562487731
7 val: 0.08110832422971725 0.009299909681124416
8 val: 0.08043147623538971 0.009476467963486494
9 val: 0.08002346754074097 0.00979883150483354
10 val: 0.07919861823320389 0.009516948919576603
11 val: 0.07878808379173279 0.009363846541814406
12 val: 0.07846845388412475 0.009253144100915784
13 val: 0.0781301960349083 0.009246487062038044
14 val: 0.07770939618349075 0.008798324405139737
15 val: 0.07732992619276047 0.009207224581081712
16 val: 0.07706461101770401 0.008971993159187853
17 val: 0.07685375809669495 0.00889406605585296
18 val: 0.07672035992145539 0.00887004648215833
19 val: 0.07676893919706344 0.008965807919513187
20 val: 0.07639190554618835 0.00890379028432231
21 val: 0.07607814818620681 0.009061818526772188
22 val: 0.07603955268859863 0.008834285320218056
23 val: 0.07589491754770279 0.008772938974455666
24 val: 0.07605130970478058 0.00887904615032051
25 val: 0.076006680727005 0.008937397555505435
26 val: 0.07579775601625442 0.00864747149625633
27 val: 0.07552478313446045 0.008856384176101349
28 val: 0.07548853605985642 0.008837511644495867
29 val: 0.07553234845399856 0.008647377911513474
30 val: 0.07544405609369279 0.008816198540269948
31 val: 0.07545733004808426 0.008997768035664624
32 val: 0.07531165331602097 0.008859214947248116
33 val: 0.07535615414381028 0.0088500948396674
34 val: 0.07525915503501893 0.008777547911676436
35 val: 0.07518111765384675 0.009358785101772684
36 val: 0.0748980313539505 0.008965799866787054
37 val: 0.07512496411800385 0.00891627282629145
38 val: 0.07507544308900833 0.009030110083402267
39 val: 0.07496126443147659 0.009173146435291168
40 val: 0.07512637078762055 0.00902776645992116
41 val: 0.07510362416505814 0.009021794497258994
42 val: 0.07478452324867249 0.008832385860294282
43 val: 0.0749329760670662 0.009123544746666335
44 val: 0.07476071715354919 0.008995502915632288
45 val: 0.074823397397995 0.009128174197891019
46 val: 0.07462817877531051 0.008909321440285299
47 val: 0.07484595328569413 0.009042941158873677
48 val: 0.07499070763587952 0.009058936250862083
49 val: 0.0748203307390213 0.00898346735031875
50 val: 0.07478695213794709 0.009070986971710267
51 val: 0.07482829391956329 0.00901127863783409
52 val: 0.07476204931735993 0.009152805432301963
53 val: 0.07474141418933869 0.008928336127036645
54 val: 0.07474956512451172 0.008922890795722598
55 val: 0.07470654249191284 0.009069412117639411
56 val: 0.07473001927137375 0.009085593053561776
57 val: 0.07458855658769607 0.009219746526864084
58 val: 0.07467353940010071 0.009177762975225367
59 val: 0.0747646525502205 0.008914777934845653
60 val: 0.07490059584379197 0.009076262100692217
61 val: 0.07460371106863022 0.009140613564022298
62 val: 0.0746167853474617 0.009183962511379344
63 val: 0.07466171383857727 0.008945071148690517
64 val: 0.07443632930517197 0.008959405343134948
65 val: 0.07449030876159668 0.00911124005988002
66 val: 0.07471422106027603 0.009178006363469155
67 val: 0.0746675506234169 0.00903053872654439
68 val: 0.07446278631687164 0.00902433738814118
69 val: 0.07474526911973953 0.009194524707098299
70 val: 0.07467358857393265 0.00926696572583467
