1 val: 0.10233457386493683 0.007763395045538158
2 val: 0.10213757902383805 0.007888992423206774
3 val: 0.10093818604946136 0.0077254134698926296
4 val: 0.10096956342458725 0.007887785261975951
5 val: 0.1005925104022026 0.00771054485203055
6 val: 0.10065378993749619 0.008326022723072056
7 val: 0.1005978301167488 0.009091418714374015
8 val: 0.09998468458652496 0.010240464924993673
9 val: 0.10114733129739761 0.01034523590811313
10 val: 0.10115488171577454 0.011431375337672257
11 val: 0.1008259266614914 0.012288894611227985
12 val: 0.10019496828317642 0.012854686015090043
13 val: 0.10068364143371582 0.012698017992567864
14 val: 0.09946025162935257 0.012365740928438146
15 val: 0.09994160979986191 0.012986197082811764
16 val: 0.09899727553129196 0.013332747264158366
17 val: 0.09919501096010208 0.013203353744022034
18 val: 0.09855088293552398 0.014138143853685722
19 val: 0.09819568395614624 0.013685039416355883
20 val: 0.09742822051048279 0.014001868908333269
21 val: 0.09688856154680252 0.013189516520027563
22 val: 0.09606938660144806 0.012644017672596413
23 val: 0.09572025984525681 0.011806381250049972
24 val: 0.09524161368608475 0.012325111676597429
25 val: 0.09450341016054153 0.012145876128851438
26 val: 0.09381449520587921 0.011643027157973052
27 val: 0.09282541573047638 0.011664762458230445
28 val: 0.09192094653844833 0.01178590014567556
29 val: 0.0918839618563652 0.011765110971327621
30 val: 0.0916085496544838 0.01205419897283648
31 val: 0.09119027704000474 0.011272791963592651
32 val: 0.09059074372053147 0.010942723147455074
33 val: 0.09049540162086486 0.011375878695364921
34 val: 0.09002954959869384 0.011437418478569935
35 val: 0.08997431844472885 0.01119597630183869
36 val: 0.08888825178146362 0.011776175938261815
37 val: 0.08915292471647263 0.01122975593200189
38 val: 0.08911356478929519 0.011311926024608404
39 val: 0.0888262152671814 0.011122106098925093
40 val: 0.08869954943656921 0.010739298239175287
41 val: 0.08891920447349548 0.011283074539434982
42 val: 0.0881531611084938 0.011404669621751032
43 val: 0.08857768774032593 0.01133405285300769
44 val: 0.08800245523452759 0.011036338335505602
45 val: 0.08804419934749604 0.011873556620080114
46 val: 0.08772760480642319 0.011859199371572928
47 val: 0.08757874667644501 0.01163570781144368
48 val: 0.08743581771850586 0.011269317492827167
49 val: 0.08752497732639312 0.012284683618797834
50 val: 0.08729340732097626 0.011227675271065047
51 val: 0.08674007505178452 0.011168623855518632
52 val: 0.08653533905744552 0.011078342417409534
53 val: 0.08689395934343339 0.011924537275473499
54 val: 0.08667415827512741 0.011079624556190526
55 val: 0.08672742545604706 0.011324773343593244
56 val: 0.08653136491775512 0.011852336046879427
57 val: 0.08676649481058121 0.01210039093562361
58 val: 0.08658358305692673 0.012304388681753943
59 val: 0.08636226356029511 0.01125969316272624
60 val: 0.0859131395816803 0.011314539315342603
61 val: 0.08588310480117797 0.011288228639228418
62 val: 0.08596153259277343 0.011732441531807337
63 val: 0.08603824377059936 0.011117510186771042
64 val: 0.08591432571411133 0.01156691822273955
65 val: 0.08544304370880126 0.011181663411400544
66 val: 0.08615878224372864 0.011649889662308505
67 val: 0.08543226569890976 0.011508146652085499
68 val: 0.08592482805252075 0.011586702178132138
69 val: 0.08575809150934219 0.01192229425830396
70 val: 0.08615419119596482 0.01113794592048797
