1 val: 0.09212561547756196 0.009325901166719759
2 val: 0.09091934114694596 0.009188025135621683
3 val: 0.09078573584556579 0.009269542101415604
4 val: 0.09105308055877685 0.008739182029421222
5 val: 0.09066720604896546 0.009355261620574097
6 val: 0.089830781519413 0.008072393007778138
7 val: 0.08920659124851227 0.008376870499543495
8 val: 0.08836992532014847 0.008774196574022607
9 val: 0.08818705528974533 0.008543953261745504
10 val: 0.08731943815946579 0.00916982897870712
11 val: 0.0866115778684616 0.008755894869501703
12 val: 0.08642834275960923 0.008676678766422594
13 val: 0.08549046367406846 0.008931519450676767
14 val: 0.0849568247795105 0.009111140931327156
15 val: 0.08505406379699706 0.008908573899136662
16 val: 0.08473309129476547 0.008960365781278089
17 val: 0.08460886180400848 0.008962356106330853
18 val: 0.08439903557300568 0.008934449720415474
19 val: 0.08422961980104446 0.009178657130902828
20 val: 0.08415136933326721 0.008739039710955637
21 val: 0.08359747380018234 0.009147216163251638
22 val: 0.0836226224899292 0.008918936108471196
23 val: 0.08362076729536057 0.008595937457884962
24 val: 0.08309601098299027 0.00875663517494835
25 val: 0.0834130346775055 0.008687279714562445
26 val: 0.08345246464014053 0.00872370374662542
27 val: 0.08300321996212005 0.00887962255796069
28 val: 0.08307847231626511 0.00857020113153297
29 val: 0.0830949068069458 0.008415316544754177
30 val: 0.08290178477764129 0.00877392586263034
31 val: 0.08291931450366974 0.008471952477177726
32 val: 0.0829466849565506 0.008589828580406453
33 val: 0.08265417814254761 0.008614156689255192
34 val: 0.08277039080858231 0.008857610614814356
35 val: 0.08229633271694184 0.008736853571513024
36 val: 0.08230912536382676 0.008725829363899146
37 val: 0.08225506544113159 0.008488649068562308
38 val: 0.08237031549215316 0.008461089955182887
39 val: 0.08231008648872376 0.008381732840495157
40 val: 0.08248006403446198 0.008270203523941477
41 val: 0.08206414580345153 0.00843673429955533
42 val: 0.08213931322097778 0.008558009673696387
43 val: 0.08213067948818206 0.008646788362744628
44 val: 0.08191265016794205 0.008514654462335465
45 val: 0.08216901272535324 0.008814557430738718
46 val: 0.08232333660125732 0.008536871107929446
47 val: 0.08236453235149384 0.008719962721788363
48 val: 0.08190039098262787 0.008860938977602883
49 val: 0.08240318894386292 0.008893745198521678
50 val: 0.08180952370166779 0.008755885343474597
51 val: 0.08165042102336884 0.008759380426383722
52 val: 0.08180880546569824 0.008611829434499072
53 val: 0.0821098506450653 0.008828177870542618
54 val: 0.0821849524974823 0.008580135211451685
55 val: 0.0819578930735588 0.008700552783509757
56 val: 0.08189451396465301 0.008654801384267422
57 val: 0.08191675543785096 0.008742570013147046
58 val: 0.08174436092376709 0.008655887869975452
59 val: 0.08182321339845658 0.008761979227802082
60 val: 0.08174792379140854 0.008717493275366446
61 val: 0.08162732422351837 0.008403155600456591
62 val: 0.08189201951026917 0.00888647270031641
63 val: 0.08144688606262207 0.008522929891831912
64 val: 0.08181079328060151 0.008821696559529843
65 val: 0.0817009761929512 0.008691675904853903
66 val: 0.08185753673315048 0.00874594844096215
67 val: 0.08158813118934631 0.0086156334393357
68 val: 0.08158989399671554 0.00889068089888675
69 val: 0.08164412975311279 0.008734299264310151
70 val: 0.08171769827604294 0.008822642629601477
