1 val: 0.10710509866476059 0.006644083268375882
2 val: 0.1070822760462761 0.0064728024363284896
3 val: 0.1064530462026596 0.007266212696721742
4 val: 0.10621685832738877 0.007746981221209858
5 val: 0.10611924231052398 0.0073136153054929095
6 val: 0.10689407289028167 0.008472041310986821
7 val: 0.10772401690483094 0.009217924859152933
8 val: 0.10821153223514557 0.011347259534915433
9 val: 0.10950993746519089 0.010920873820876718
10 val: 0.10937381833791733 0.012104022720611582
11 val: 0.10968182682991028 0.012776112773086748
12 val: 0.1107218861579895 0.012128739614017637
13 val: 0.11070803552865982 0.013214120390027787
14 val: 0.11082265675067901 0.0144431680048558
15 val: 0.11044841557741165 0.013839176616160184
16 val: 0.10960540473461151 0.014354225846914542
17 val: 0.11012380570173264 0.014170382576760196
18 val: 0.10969261974096298 0.014296845828165795
19 val: 0.10985585153102875 0.014330055480870895
20 val: 0.10905948430299758 0.015135075939360572
21 val: 0.10893673747777939 0.015308853920752891
22 val: 0.10899684429168702 0.01510635673100595
23 val: 0.10845227390527726 0.014573356666635983
24 val: 0.10816801637411118 0.014859620989300697
25 val: 0.10787574201822281 0.014726830114804301
26 val: 0.10699122250080109 0.01426733154519841
27 val: 0.1067663699388504 0.014479090376068827
28 val: 0.10636083930730819 0.014372727540640437
29 val: 0.10624050796031952 0.014640129254895468
30 val: 0.10598958730697632 0.014737846028044158
31 val: 0.10561628490686417 0.014301411387451715
32 val: 0.10500232875347137 0.014158438139239265
33 val: 0.1052482545375824 0.014627651360607943
34 val: 0.10463782399892807 0.01432767200943059
35 val: 0.10533768832683563 0.01435957015689675
36 val: 0.10415454804897309 0.014635594024630192
37 val: 0.10452793538570404 0.014084938692886559
38 val: 0.10481452941894531 0.014720485290236908
39 val: 0.10405350476503372 0.014205109063808013
40 val: 0.10413439422845841 0.014293791853835756
41 val: 0.104306760430336 0.013922384884434709
42 val: 0.10358814746141434 0.014550778142674891
43 val: 0.10359605997800828 0.013837822511094403
44 val: 0.10350276082754135 0.014152276226178963
45 val: 0.10332408398389817 0.014038301623127875
46 val: 0.10347275584936141 0.014292312464581515
47 val: 0.10312768816947937 0.013652104044099658
48 val: 0.10279861241579055 0.01355643430785633
49 val: 0.10320265293121338 0.013784158475680056
50 val: 0.10260293632745743 0.013012188754714027
51 val: 0.10186069160699844 0.013840257928389875
52 val: 0.10252152234315873 0.013676810702287226
53 val: 0.1023877963423729 0.013802460559847643
54 val: 0.10224902331829071 0.013046349307188523
55 val: 0.10238796770572663 0.013315228222205596
56 val: 0.10161920338869095 0.013751046326551082
57 val: 0.10162650942802429 0.014016055255646788
58 val: 0.10171675980091095 0.013819912936365362
59 val: 0.10175124257802963 0.013110683538281894
60 val: 0.1014741986989975 0.01368541333075828
61 val: 0.10156968683004379 0.013351365533757677
62 val: 0.10194905698299409 0.013379616152293368
63 val: 0.10141992568969727 0.013894794415908539
64 val: 0.10137501507997512 0.013653547350509663
65 val: 0.10092459619045258 0.013146393190377017
66 val: 0.10132419764995575 0.01338993260194534
67 val: 0.10118744224309921 0.013583894679619176
68 val: 0.10096025168895721 0.013179333902096935
69 val: 0.10099077373743057 0.013473973156806828
70 val: 0.10133668780326843 0.013518590570518253
