1 val: 0.08873478770256042 0.008395225514836862
2 val: 0.08812906593084335 0.008843898807048707
3 val: 0.08633503019809723 0.009801644434855367
4 val: 0.08369354903697968 0.009788696843379243
5 val: 0.08256476074457168 0.009288896173308341
6 val: 0.08147725611925125 0.009692405270471272
7 val: 0.08040892183780671 0.009808053309101073
8 val: 0.07964702546596528 0.009627769762865548
9 val: 0.07925845384597778 0.009634457290910536
10 val: 0.07867406010627746 0.009735870428572262
11 val: 0.07818645834922791 0.010012021183644011
12 val: 0.07782897353172302 0.010287965174161912
13 val: 0.07728488147258758 0.010052377027777738
14 val: 0.07717120349407196 0.00994360092895513
15 val: 0.07679980546236038 0.009910727052740046
16 val: 0.07649438977241516 0.010034232140291964
17 val: 0.07607047259807587 0.01000360667244252
18 val: 0.0760680839419365 0.009922935894451868
19 val: 0.07600033730268478 0.010147887319264574
20 val: 0.07572497874498367 0.010128858759461068
21 val: 0.07567979842424392 0.0098839888491484
22 val: 0.07566384375095367 0.01002163873816742
23 val: 0.07542168796062469 0.01001087395822875
24 val: 0.07539917081594467 0.010145008873296172
25 val: 0.07534806430339813 0.009993439579372322
26 val: 0.07552649974822997 0.009944106478552718
27 val: 0.0751577764749527 0.009412393975979611
28 val: 0.07486478686332702 0.009448866943942473
29 val: 0.07507863789796829 0.009523393130460753
30 val: 0.0749518021941185 0.00954487568930667
31 val: 0.07498034834861755 0.00942629506130161
32 val: 0.07498161345720292 0.00944775552005338
33 val: 0.07470767050981522 0.009516015162808566
34 val: 0.07450651079416275 0.009518566359851053
35 val: 0.07454625815153122 0.009499602498154633
36 val: 0.07472453415393829 0.009537502118328696
37 val: 0.07473591864109039 0.009398752554525075
38 val: 0.07460033297538757 0.009406410637703845
39 val: 0.07453504949808121 0.009353007885207458
40 val: 0.07462033480405808 0.009472231198058388
41 val: 0.07465633749961853 0.009354899621382832
42 val: 0.0746560737490654 0.009504977964998731
43 val: 0.07471645623445511 0.009566658577354016
44 val: 0.07449278086423874 0.009699716834733564
45 val: 0.0744070515036583 0.009692150739750723
46 val: 0.07440622597932815 0.009659420997277367
47 val: 0.0744396835565567 0.009670942494974024
48 val: 0.07457851469516755 0.009727164662081945
49 val: 0.07445140033960343 0.00950900786352304
50 val: 0.07439227402210236 0.009578779046392746
51 val: 0.07449632585048675 0.009610338961508608
52 val: 0.0742786929011345 0.009652229368576577
53 val: 0.07437327355146409 0.00980907414903767
54 val: 0.07447202056646347 0.009538600912336527
55 val: 0.07443943619728088 0.009615264848741619
56 val: 0.07438360005617142 0.009852083249476154
57 val: 0.0742951512336731 0.009709126276831001
58 val: 0.07413554340600967 0.009601791686476818
59 val: 0.07436980307102203 0.009809452138846925
60 val: 0.07448757886886596 0.009627010330660674
61 val: 0.07445620596408845 0.009509203245702763
62 val: 0.07427278608083725 0.009839357561998998
63 val: 0.07450280338525772 0.00953083134469148
64 val: 0.07431896626949311 0.009661047349349406
65 val: 0.07433129400014878 0.0096314784501409
66 val: 0.07445136904716491 0.009631553395392315
67 val: 0.0741244152188301 0.009730367287671718
68 val: 0.07440071552991867 0.009503477526873628
69 val: 0.07433898150920867 0.009535368349705602
70 val: 0.07439989596605301 0.009848474282684195
