1 val: 0.13521878272295 0.01178104609112526
2 val: 0.13336026519536973 0.011434163175315579
3 val: 0.1320408508181572 0.011827563960930553
4 val: 0.13103679120540618 0.012285899267099073
5 val: 0.13017225861549378 0.01294006097320491
6 val: 0.13009683191776275 0.012289027518570183
7 val: 0.13057847768068315 0.012086249490570451
8 val: 0.12989271581172943 0.01270337597512173
9 val: 0.12952903509140015 0.012201358532881634
10 val: 0.12938109934329986 0.012338646864804972
11 val: 0.12980002015829087 0.011934266738366386
12 val: 0.12983318716287612 0.011727190241891554
13 val: 0.12996127158403398 0.011580126007908932
14 val: 0.12936832308769225 0.012506009585683696
15 val: 0.12991347461938857 0.01200163982632364
16 val: 0.12921086996793746 0.01155743103944489
17 val: 0.1292378455400467 0.011316015201659682
18 val: 0.12928465902805328 0.011688380800842162
19 val: 0.1297721117734909 0.011089379842423329
20 val: 0.12926720827817917 0.012014019395435269
21 val: 0.12920477390289306 0.012284674750726265
22 val: 0.12917058020830155 0.011915763115043995
23 val: 0.12899232506752015 0.011743338096970039
24 val: 0.12911700159311296 0.01265295570052941
25 val: 0.12918052822351456 0.011973307603568868
26 val: 0.12969527542591094 0.011821120268437742
27 val: 0.12884572595357896 0.012110396798549717
28 val: 0.12890662550926207 0.011613952339557775
29 val: 0.12904610335826874 0.012167699806043491
30 val: 0.12908394634723663 0.010921653984545098
31 val: 0.1292744383215904 0.011316514653207432
32 val: 0.1294170320034027 0.011811632679055745
33 val: 0.1280723825097084 0.01049836526932149
34 val: 0.12873709946870804 0.011532106394669242
35 val: 0.12898875623941422 0.011155313294793707
36 val: 0.12944937497377396 0.010675458366854969
37 val: 0.12885490655899048 0.010462669056484651
38 val: 0.12891370058059692 0.010775310225910094
39 val: 0.12892824709415435 0.009959369491116114
40 val: 0.12949056476354598 0.011072456370371853
41 val: 0.12843619734048844 0.011662958578323954
42 val: 0.12910465598106385 0.009806874830060219
43 val: 0.12900972366333008 0.010377259587269776
44 val: 0.12902527451515197 0.010404475171025593
45 val: 0.12874583303928375 0.010493746615693817
46 val: 0.12903249710798265 0.010229931704589424
47 val: 0.1290571868419647 0.01045192357348919
48 val: 0.1294029548764229 0.010473453219838747
49 val: 0.12935263365507127 0.010375203110104184
50 val: 0.12892121821641922 0.010587301151987435
