1 val: 0.09404452294111251 0.008978992955025352
2 val: 0.0928497552871704 0.008930070286654483
3 val: 0.09102994054555893 0.010205882692889613
4 val: 0.09098096489906311 0.011111789611243985
5 val: 0.0903499886393547 0.012588288228695893
6 val: 0.08841266483068466 0.012747221428553881
7 val: 0.08592360317707062 0.013261227601628327
8 val: 0.08363360613584518 0.012480341605444074
9 val: 0.08122568279504776 0.012405530894004877
10 val: 0.08003486692905426 0.012257225251748294
11 val: 0.0786229595541954 0.011298607385606172
12 val: 0.0769818052649498 0.011666119684136772
13 val: 0.07557694911956787 0.010775270695856412
14 val: 0.07468156218528747 0.010651215696573854
15 val: 0.07439951896667481 0.010627089187568776
16 val: 0.07368426918983459 0.01027889959878512
17 val: 0.073137266933918 0.010176316316240068
18 val: 0.0726185068488121 0.010340019698889353
19 val: 0.07260652482509614 0.010355902074942186
20 val: 0.07195471674203872 0.010173769470786452
21 val: 0.07175021320581436 0.010355796918893993
22 val: 0.07146851718425751 0.010115029309652496
23 val: 0.07096857726573944 0.010075215308746993
24 val: 0.07090470492839814 0.009928372482087906
25 val: 0.07076596617698669 0.010361862474188107
26 val: 0.0703585296869278 0.010067372300649387
27 val: 0.0702809900045395 0.009872255124828675
28 val: 0.06996391192078591 0.010158403066643907
29 val: 0.07003629207611084 0.009911022375274671
30 val: 0.06977463513612747 0.009978218973030504
31 val: 0.06962621212005615 0.009882005426001017
32 val: 0.0694398194551468 0.010064266596131001
33 val: 0.0691605493426323 0.010098942569531118
34 val: 0.06897461265325547 0.009737770145772304
35 val: 0.06909679770469665 0.00976004911380363
36 val: 0.06885414049029351 0.00998838920681018
37 val: 0.06876265853643418 0.010088460234753144
38 val: 0.06847399845719337 0.010048308864887272
39 val: 0.06843748837709426 0.009852267370675042
40 val: 0.06855256706476212 0.00985169162698217
41 val: 0.0682597890496254 0.009627464576180422
42 val: 0.0683390386402607 0.00999094573890725
43 val: 0.06799282431602478 0.009898698871302368
44 val: 0.06789042875170707 0.009854105534082495
45 val: 0.0676956221461296 0.009886415925565526
46 val: 0.06797131225466728 0.01006416846441374
47 val: 0.06765528917312622 0.009759138466927204
48 val: 0.06760902032256126 0.009940087871741932
49 val: 0.0676621675491333 0.01007884286726458
50 val: 0.06747490987181663 0.009805499251339701
51 val: 0.06760338544845582 0.009871786805977266
52 val: 0.06738049760460854 0.009714396150342431
53 val: 0.06752361655235291 0.0097329441930558
54 val: 0.06724941954016686 0.00974510624504507
55 val: 0.06727321743965149 0.009765675675171904
56 val: 0.06720381751656532 0.009726199668674775
57 val: 0.06733207702636719 0.009848880774954822
58 val: 0.0670444518327713 0.009635800041081414
59 val: 0.06697290167212486 0.009674264819758506
60 val: 0.06702933982014656 0.009680884600606924
61 val: 0.06676053032279014 0.009502127209473436
62 val: 0.0668404072523117 0.009708757368721291
63 val: 0.06676868945360184 0.009628960723101085
64 val: 0.06675488576292991 0.009849957298818258
65 val: 0.06675556749105453 0.009577769943879273
66 val: 0.06662328392267228 0.009726222536754058
67 val: 0.066710814088583 0.009655465533639251
68 val: 0.06684921234846115 0.009958568763343483
69 val: 0.06681936010718345 0.009643930431882462
70 val: 0.06686781644821167 0.009688947659511827
