1 val: 0.08934695720672607 0.0077328850136515895
2 val: 0.087758968770504 0.008491905444699287
3 val: 0.0868244782090187 0.00836194672785452
4 val: 0.08496396392583846 0.00904709714642389
5 val: 0.08274654895067216 0.009178213062167095
6 val: 0.08194271624088287 0.00895895511596568
7 val: 0.08037896007299423 0.009531608511470719
8 val: 0.07965013533830642 0.009359405322455763
9 val: 0.07915046066045761 0.009102720783387324
10 val: 0.078190179169178 0.009240347303861519
11 val: 0.0777679905295372 0.00952227237259327
12 val: 0.07691047191619874 0.009163854520101725
13 val: 0.07645372599363327 0.008984108861637134
14 val: 0.07643702179193497 0.008987018975227728
15 val: 0.07648202776908875 0.008748731572488623
16 val: 0.07597474455833435 0.008969822965996698
17 val: 0.07550848722457885 0.009030603108088679
18 val: 0.0754467561841011 0.009068873035836887
19 val: 0.07539948523044586 0.008884769345703637
20 val: 0.07499673068523408 0.008935705152409051
21 val: 0.07500790357589722 0.009138982414628424
22 val: 0.07498724162578582 0.009080521419185137
23 val: 0.0748438447713852 0.009028336145648595
24 val: 0.07479774802923203 0.00892430840788049
25 val: 0.07460674792528152 0.009117002893231347
26 val: 0.07464575469493866 0.009002985291580466
27 val: 0.07445191740989685 0.009009147461933823
28 val: 0.07457167953252793 0.008956088979090305
29 val: 0.07440681606531144 0.00910724955656099
30 val: 0.07431739121675492 0.00909419156728562
31 val: 0.07432192414999009 0.009052951365767356
32 val: 0.07411404848098754 0.008913035330352478
33 val: 0.07405404895544052 0.009057451904164416
34 val: 0.07401872426271439 0.008944661792144969
35 val: 0.0740999698638916 0.009098649171567521
36 val: 0.0738970696926117 0.00888717133640831
37 val: 0.07399767935276032 0.00878627747445651
38 val: 0.07385655790567398 0.009019503517567003
39 val: 0.07389456629753113 0.008898113478912638
40 val: 0.07394400238990784 0.008879517065017875
41 val: 0.07378132790327072 0.009083003311594836
42 val: 0.0737204059958458 0.009086540104669387
43 val: 0.07386219948530197 0.008773909795771084
44 val: 0.07355855256319047 0.009051994875284174
45 val: 0.0736605703830719 0.009085596460900049
46 val: 0.07365834861993789 0.008995019856438916
47 val: 0.07362540364265442 0.009049080273747007
48 val: 0.0734622374176979 0.008986658953645138
49 val: 0.07375136315822602 0.00904165360227274
50 val: 0.07359752357006073 0.008913891192206641
51 val: 0.07370902299880981 0.009163190504937361
52 val: 0.0735150471329689 0.009084125048738258
53 val: 0.0736038327217102 0.008960636082035999
54 val: 0.07356531769037247 0.009176719564772465
55 val: 0.07350561171770095 0.008949341146161282
56 val: 0.07358955442905427 0.009296021828187473
57 val: 0.07348283529281616 0.008991766140902838
58 val: 0.07336502969264984 0.009139821998909059
59 val: 0.0735584855079651 0.00910863767349609
60 val: 0.0735402300953865 0.009050315919716783
61 val: 0.07349030673503876 0.009084669318742673
62 val: 0.07357823848724365 0.00939255660604588
63 val: 0.07345315963029861 0.008954133666743089
64 val: 0.07336893379688263 0.009084994548031964
65 val: 0.07360249310731888 0.009099447092588376
66 val: 0.07349329590797424 0.009075911990495938
67 val: 0.07338109761476516 0.009005138216382321
68 val: 0.07344017773866654 0.009135811693334231
69 val: 0.07334109544754028 0.009018399377143181
70 val: 0.07335498929023743 0.009077364906577635
