1 val: 0.09568601399660111 0.008375652967293612
2 val: 0.09553625285625458 0.00845304235681293
3 val: 0.09442223906517029 0.00866572959756598
4 val: 0.09391832947731019 0.008737632538428552
5 val: 0.0938346654176712 0.009075931572084455
6 val: 0.09497207254171372 0.010124535564830336
7 val: 0.0949263647198677 0.009791003028630464
8 val: 0.0943133533000946 0.010943437658545684
9 val: 0.09346837401390076 0.011150357405693201
10 val: 0.09219528287649155 0.011622576149561425
11 val: 0.0913042813539505 0.01166021905213271
12 val: 0.08949482887983322 0.00996912252329834
13 val: 0.08866841346025467 0.009722005928237744
14 val: 0.0874025657773018 0.01025371685490826
15 val: 0.08730946034193039 0.01016457844267371
16 val: 0.08608014285564422 0.010237303244176177
17 val: 0.08582450598478317 0.010296855448484125
18 val: 0.08519992977380753 0.010100036612002197
19 val: 0.08480104058980942 0.009729774976668397
20 val: 0.08420964777469635 0.01022232412578706
21 val: 0.08395775258541108 0.010100716609186818
22 val: 0.0835747942328453 0.010348603902470584
23 val: 0.0832323595881462 0.01022176388720508
24 val: 0.08290759176015854 0.009903771315402016
25 val: 0.08295790553092956 0.010169495737846366
26 val: 0.08272893875837325 0.01004081915860152
27 val: 0.08257892727851868 0.010144380283694026
28 val: 0.08209304511547089 0.010350885689171509
29 val: 0.08191408067941666 0.010197887818577238
30 val: 0.08196631371974945 0.01042910077769184
31 val: 0.0817483827471733 0.009837278453222117
32 val: 0.08123486638069152 0.01031992007926799
33 val: 0.08124934583902359 0.010253424376464319
34 val: 0.08126788586378098 0.010181370713952148
35 val: 0.08087721914052963 0.010229120800014773
36 val: 0.08068938404321671 0.009808472998370756
37 val: 0.08083782345056534 0.010126274778400557
38 val: 0.08047613501548767 0.010080628434826877
39 val: 0.08091664165258408 0.009676844835762836
40 val: 0.08036940842866898 0.010167144207893976
41 val: 0.08038070797920227 0.010083003477490403
42 val: 0.08035458475351334 0.009813529612919612
43 val: 0.08043825030326843 0.009538027204946448
44 val: 0.08003370016813278 0.010067607838328121
45 val: 0.0798121765255928 0.01001453917049122
46 val: 0.0799215629696846 0.010140833581207905
47 val: 0.0797904297709465 0.010143692039624331
48 val: 0.0798142746090889 0.01002985776096508
49 val: 0.07996867597103119 0.009823477405934717
50 val: 0.08004404604434967 0.009506604692107316
51 val: 0.07988187074661254 0.009879003547965937
52 val: 0.07932164371013642 0.009894585253721326
53 val: 0.07968133687973022 0.009573687348899221
54 val: 0.07934698164463043 0.00959781046560222
55 val: 0.07951464504003525 0.009744292480246188
56 val: 0.07949250638484955 0.009817911726379948
57 val: 0.07932257503271103 0.009675986933389938
58 val: 0.07910829335451126 0.00979947179026649
59 val: 0.07927839457988739 0.009868813847343942
60 val: 0.0793972596526146 0.009703188564681893
61 val: 0.07911290377378463 0.009632262185452638
62 val: 0.07904157340526581 0.009713469808247084
63 val: 0.07926097810268402 0.009406783466508358
64 val: 0.07920612990856171 0.010025109229975463
65 val: 0.07921205461025238 0.009453105936812568
66 val: 0.07914110720157623 0.009652618729076325
67 val: 0.07904525250196456 0.00987997532410005
68 val: 0.07897736132144928 0.009519116240041777
69 val: 0.07901942133903503 0.009661451664371039
70 val: 0.07897012233734131 0.009868546227221038
