1 val: 0.13516162037849427 0.010409014090596724
2 val: 0.1328023210167885 0.011362108358826348
3 val: 0.13193712681531905 0.010148530450950662
4 val: 0.13086190670728684 0.011078772174660186
5 val: 0.13051667958498 0.011936022828627662
6 val: 0.13039784580469133 0.01124365047366631
7 val: 0.13095524907112122 0.010752134567925618
8 val: 0.13096546828746797 0.01153351233862408
9 val: 0.1309643030166626 0.010715339951822396
10 val: 0.1305457189679146 0.011680889692552642
11 val: 0.13106139302253722 0.011848160522091339
12 val: 0.13030848056077957 0.011502440726876104
13 val: 0.13057817965745927 0.012526517962393156
14 val: 0.13021738827228546 0.012529499022717482
15 val: 0.1303711324930191 0.012085262700990492
16 val: 0.1299553319811821 0.011829409470142141
17 val: 0.13012389093637466 0.011649821891071261
18 val: 0.13050619512796402 0.01213438394211334
19 val: 0.13060567826032637 0.0112438195783107
20 val: 0.13053666651248932 0.011268115752612107
21 val: 0.13042640835046768 0.011886392586519162
22 val: 0.13025662153959275 0.012174343645556225
23 val: 0.12997941970825194 0.011979635742879968
24 val: 0.12973151057958604 0.012529231350193957
25 val: 0.1295062705874443 0.01280605905804989
26 val: 0.12960041761398317 0.012166985476588942
27 val: 0.12919197380542755 0.012466756031083456
28 val: 0.12979669272899627 0.012738807964114664
29 val: 0.12929381132125856 0.012398861873700328
30 val: 0.12950073927640915 0.013182049907556084
31 val: 0.12932939380407332 0.013211077006770879
32 val: 0.12948526293039322 0.013262823124267662
33 val: 0.12884732186794282 0.01239653186458008
34 val: 0.12874881625175477 0.013179087068202443
35 val: 0.12855353057384492 0.013033372669898687
36 val: 0.12884410619735717 0.012961820248803754
37 val: 0.12831653654575348 0.013370539104157302
38 val: 0.1287687450647354 0.01323689932812841
39 val: 0.1283012107014656 0.0127149933736823
40 val: 0.12895078361034393 0.012885143521293545
41 val: 0.12790171355009078 0.013710418528525647
42 val: 0.12866241484880447 0.013260059670807895
43 val: 0.12820276618003845 0.01329832208598107
44 val: 0.12867066264152527 0.013912362742226295
45 val: 0.12826260924339294 0.013462811935686162
46 val: 0.12831693142652512 0.01351785602020541
47 val: 0.12819847017526625 0.013418445259169349
48 val: 0.12848655581474305 0.012996692901244108
49 val: 0.128754685819149 0.013134006771157681
50 val: 0.12859754562377929 0.013123438833593046
