1 val: 0.08633840978145599 0.007794127782862591
2 val: 0.08548879623413086 0.008477510726808822
3 val: 0.08358322829008102 0.009421718032980954
4 val: 0.08142339587211608 0.009754985621859849
5 val: 0.08027577251195908 0.009563004236000903
6 val: 0.07970177382230759 0.009396598462508144
7 val: 0.078554929792881 0.009460165075413555
8 val: 0.07826191931962967 0.00892989878425263
9 val: 0.07748570293188095 0.009112919429044207
10 val: 0.07699079662561417 0.009361024858988085
11 val: 0.07673344761133194 0.00942948164421584
12 val: 0.0765806034207344 0.009633215107625088
13 val: 0.07641009241342545 0.009509640397015792
14 val: 0.07604393213987351 0.009377205821007534
15 val: 0.07629199922084809 0.009567129215537411
16 val: 0.07568557262420654 0.009551657737208218
17 val: 0.07609265297651291 0.009734967057942766
18 val: 0.0754993200302124 0.00992195163083677
19 val: 0.07533104866743087 0.009767076572165223
20 val: 0.07501682043075561 0.009849693333323542
21 val: 0.07514073103666305 0.009981997440849953
22 val: 0.07500852793455123 0.009951651894995143
23 val: 0.07484425753355026 0.009796878605669117
24 val: 0.07479674965143204 0.009665017742972503
25 val: 0.07470342516899109 0.009970942395827223
26 val: 0.07460152506828308 0.009859024227592241
27 val: 0.07440274953842163 0.01003945365620298
28 val: 0.0742330014705658 0.009996196714216572
29 val: 0.07437137216329574 0.009868483997065771
30 val: 0.07434001415967942 0.009716891016811103
31 val: 0.07445450872182846 0.009713727158058672
32 val: 0.07438167333602905 0.009743787885806285
33 val: 0.07414151281118393 0.009965780677492203
34 val: 0.07402504235506058 0.00983242417352974
35 val: 0.07398573905229569 0.01003283964955537
36 val: 0.0738676592707634 0.0096647542992186
37 val: 0.07406843900680542 0.009852637342954102
38 val: 0.0738261878490448 0.009874229355150692
39 val: 0.07381071597337723 0.009881940138738301
40 val: 0.07411878257989883 0.009605750407147097
41 val: 0.07377277463674545 0.009696361571595584
42 val: 0.07376064211130143 0.009707100498598777
43 val: 0.07398996502161026 0.009900086423157132
44 val: 0.07359784990549087 0.010104153112133531
45 val: 0.07362325936555862 0.009856696620709357
46 val: 0.07370159924030303 0.00970927572573911
47 val: 0.07355537116527558 0.009998505151943702
48 val: 0.07372254729270936 0.009977663114874273
49 val: 0.07376227974891662 0.009644716446334056
50 val: 0.0734455019235611 0.010017848388422209
51 val: 0.0736940160393715 0.009798616116968289
52 val: 0.07358378767967225 0.009701515813929138
53 val: 0.07357105910778046 0.009919492339796535
54 val: 0.07352779954671859 0.009653619564393144
55 val: 0.07359040826559067 0.009610120803183554
56 val: 0.07364873737096786 0.009815342597894041
57 val: 0.07357116937637329 0.009884515969769992
58 val: 0.07340684533119202 0.009849848656295556
59 val: 0.07333211600780487 0.009919007993205326
60 val: 0.07334087193012237 0.009835142721682712
61 val: 0.07338197082281113 0.009771142930175185
62 val: 0.07347341328859329 0.009756548483999088
63 val: 0.07340020686388016 0.00969178533723097
64 val: 0.0735308513045311 0.009603036637548915
65 val: 0.07362045794725418 0.009875632813536246
66 val: 0.07358887195587158 0.009572702766339822
67 val: 0.07353430092334748 0.009903821853268581
68 val: 0.07356235533952712 0.00982755376321931
69 val: 0.07336809933185577 0.009869954239307178
70 val: 0.07351343631744385 0.009855330650383697
