1 val: 0.08551948070526123 0.00785560147902676
2 val: 0.08468863815069198 0.00870567874915459
3 val: 0.08278850018978119 0.008677139077866191
4 val: 0.08067734390497208 0.008869174041552933
5 val: 0.07941758036613464 0.009140241284793356
6 val: 0.07827920466661453 0.009432571050977957
7 val: 0.07717579454183579 0.009650496053735432
8 val: 0.07672911435365677 0.009041087891433883
9 val: 0.07638723701238632 0.008913148669871564
10 val: 0.07580791562795638 0.008891143272159441
11 val: 0.07539188414812088 0.008876703278514388
12 val: 0.07516093701124191 0.008833778651746296
13 val: 0.07497720569372177 0.008866998285715457
14 val: 0.07483847439289093 0.008794618532164577
15 val: 0.07475239783525467 0.008797750934599764
16 val: 0.07446685135364532 0.008753081532334738
17 val: 0.07428809851408005 0.008990265784563904
18 val: 0.07398490905761719 0.009087439447825953
19 val: 0.07419786602258682 0.008952781362403737
20 val: 0.07378236353397369 0.009170901434699025
21 val: 0.07374467700719833 0.009052707681230582
22 val: 0.07360182702541351 0.008972936860953521
23 val: 0.07374792248010635 0.008711659028451741
24 val: 0.07358040064573287 0.00880667137836568
25 val: 0.0734682783484459 0.009109533082315654
26 val: 0.07346597611904145 0.008886196650725636
27 val: 0.0733345553278923 0.00899546473442701
28 val: 0.07312818616628647 0.009055661825977876
29 val: 0.07310630679130554 0.008946501475504324
30 val: 0.0732454240322113 0.009058653800014175
31 val: 0.07319066226482392 0.008926983643481786
32 val: 0.07307665646076203 0.008930241949254451
33 val: 0.07318160086870193 0.008750035642346537
34 val: 0.07300198227167129 0.008805644774731152
35 val: 0.07298904955387116 0.008990568044947744
36 val: 0.07299403548240661 0.00885145209888494
37 val: 0.07288631498813629 0.008829746354948893
38 val: 0.07294325977563858 0.008924168178587124
39 val: 0.07302941977977753 0.00898980073487522
40 val: 0.07306836098432541 0.00895182794898167
41 val: 0.07281221747398377 0.00890366297015421
42 val: 0.07289613485336303 0.009049177280860726
43 val: 0.07296036332845687 0.009071636495367269
44 val: 0.0726979449391365 0.009169105575574196
45 val: 0.07285873889923096 0.008924313300891756
46 val: 0.07280722707509994 0.008857624232357768
47 val: 0.0726753905415535 0.008969318779759188
48 val: 0.07271362841129303 0.009070471055901422
49 val: 0.0726778894662857 0.008971323200150514
50 val: 0.07260946333408355 0.008888219280923943
51 val: 0.0727924332022667 0.009031111797946615
52 val: 0.07260961681604386 0.009095702582899257
53 val: 0.07274747043848037 0.00897901749203574
54 val: 0.07259285598993301 0.009007123008074502
55 val: 0.07255296558141708 0.009109121318704538
56 val: 0.07266915440559388 0.009006206974850063
57 val: 0.07272291779518128 0.009062855851557096
58 val: 0.07246823906898499 0.00887426054233949
59 val: 0.07258616983890534 0.00911166496949562
60 val: 0.07255914956331252 0.008914170077485956
61 val: 0.07267617732286454 0.008911103951405876
62 val: 0.07246610373258591 0.008963219570657903
63 val: 0.0723964050412178 0.008916540408752463
64 val: 0.07243771106004715 0.009007217394390029
65 val: 0.072428959608078 0.008950293158440814
66 val: 0.07236646860837936 0.009047812735680102
67 val: 0.07256660759449005 0.009057572063451052
68 val: 0.07237175554037094 0.00907105614067124
69 val: 0.07241091430187226 0.009024079585148503
70 val: 0.07251427620649338 0.009078898195549126
