1 val: 0.09190931171178818 0.009564189588891943
2 val: 0.09005161225795746 0.0088996468399468
3 val: 0.0892437994480133 0.00937748272442971
4 val: 0.08891796767711639 0.010119497224952556
5 val: 0.0872652217745781 0.010045778365047114
6 val: 0.08599426746368408 0.008708617649134012
7 val: 0.08468183577060699 0.008875753573063118
8 val: 0.08362944573163986 0.008745893469722392
9 val: 0.08299799710512161 0.008486046522493304
10 val: 0.08184462636709214 0.008442948574840375
11 val: 0.08172965049743652 0.008702088235229518
12 val: 0.08117747604846955 0.008918590617783325
13 val: 0.08026656061410904 0.008681824130588166
14 val: 0.07952923029661178 0.008764871413549149
15 val: 0.07948015183210373 0.008690614531205284
16 val: 0.07878273278474808 0.00858655190748498
17 val: 0.07860123217105866 0.008713481325795558
18 val: 0.07829061001539231 0.008726348028593848
19 val: 0.0781358763575554 0.008601427927145026
20 val: 0.07786689549684525 0.008874381951089243
21 val: 0.07754224240779876 0.008834839718827302
22 val: 0.07745067179203033 0.008786914214554848
23 val: 0.07744738161563873 0.008714481989907302
24 val: 0.07736994475126266 0.009207877049475842
25 val: 0.07728184312582016 0.009002677624159268
26 val: 0.07711048871278763 0.00892231390873619
27 val: 0.07703069001436233 0.008862505775593783
28 val: 0.07673933058977127 0.008806168317296933
29 val: 0.07667753696441651 0.008852117461522067
30 val: 0.07688495963811874 0.008899057300263519
31 val: 0.07676234841346741 0.008475066607348829
32 val: 0.07675213664770127 0.008654905441989052
33 val: 0.07660678774118423 0.009138785619507669
34 val: 0.07665646374225617 0.008880434675942345
35 val: 0.07633505314588547 0.009063360935874168
36 val: 0.07630580216646195 0.008921048622851301
37 val: 0.07620312571525574 0.008960349471790368
38 val: 0.07624385058879853 0.008842559362919295
39 val: 0.07627045810222625 0.00892686924021258
40 val: 0.07634810358285904 0.009170668387333662
41 val: 0.07616709470748902 0.008953569555030334
42 val: 0.07631316632032395 0.008767324661333576
43 val: 0.07618053555488587 0.0089401166720264
44 val: 0.07585093379020691 0.008936691547513444
45 val: 0.07578019499778747 0.00911279880779907
46 val: 0.0758307084441185 0.009181240659809232
47 val: 0.07588273584842682 0.009233224537887332
48 val: 0.07592238187789917 0.009243665652000901
49 val: 0.07579008638858795 0.00894210116542785
50 val: 0.07575410902500153 0.008851610647966792
51 val: 0.0757989153265953 0.009111910607278244
52 val: 0.07582209408283233 0.00905895550000465
53 val: 0.07574154883623123 0.009096027859119626
54 val: 0.0757255345582962 0.008970339534087579
55 val: 0.07573705464601517 0.008659535900473617
56 val: 0.07557756006717682 0.009392885098541769
57 val: 0.07573027908802032 0.009294201390240132
58 val: 0.0756434291601181 0.009119546504303322
59 val: 0.07569838166236878 0.00894695829320686
60 val: 0.07557787895202636 0.009294088284526702
61 val: 0.0756746307015419 0.009055402533355602
62 val: 0.0755633607506752 0.009303644106222916
63 val: 0.07546331286430359 0.009039715533202437
64 val: 0.07557110339403153 0.009117865584670114
65 val: 0.07554703950881958 0.009216249393658303
66 val: 0.07542555928230285 0.008971247985287775
67 val: 0.07564090043306351 0.009150746330506226
68 val: 0.0755514457821846 0.009062366321195565
69 val: 0.07551608085632325 0.009075174153540918
70 val: 0.07561978101730346 0.009369270320115081
