1 val: 0.09011908769607543 0.009121192478334901
2 val: 0.08930391371250153 0.00951408742264218
3 val: 0.08904397934675216 0.009832722162564533
4 val: 0.08788928985595704 0.009182850912356228
5 val: 0.08558115959167481 0.009257987278016432
6 val: 0.08369515538215637 0.009004428736612339
7 val: 0.08282334208488465 0.009408237904677035
8 val: 0.08148657381534577 0.009366203398955922
9 val: 0.08090314716100692 0.009155663421905437
10 val: 0.08002232611179352 0.009490598891063682
11 val: 0.07951286882162094 0.009733886350432795
12 val: 0.07899863719940185 0.009536604763377513
13 val: 0.07845953851938248 0.00923105270382143
14 val: 0.07784318327903747 0.009013212556736316
15 val: 0.07732440680265426 0.00900487978652116
16 val: 0.07713785767555237 0.008865281469804129
17 val: 0.07680841982364654 0.008988254684204347
18 val: 0.07695173472166061 0.008903206008541054
19 val: 0.07694646716117859 0.008758911203819116
20 val: 0.07637950032949448 0.008684356188137175
21 val: 0.07625560760498047 0.008791886733375862
22 val: 0.07605347484350204 0.0089630733281255
23 val: 0.07583612352609634 0.008953800555602482
24 val: 0.07601546645164489 0.008729056459128796
25 val: 0.07581139802932739 0.00910540876515902
26 val: 0.07572280615568161 0.008718646711757615
27 val: 0.0755334511399269 0.00887450533845303
28 val: 0.07513050734996796 0.008815711001278518
29 val: 0.0753866344690323 0.008896222227494976
30 val: 0.07536303997039795 0.008868827458885606
31 val: 0.07538075894117355 0.008971506012225162
32 val: 0.07515894621610641 0.008877416965594685
33 val: 0.07536459565162659 0.008929198855471289
34 val: 0.07513806074857712 0.008879988990497507
35 val: 0.07497833520174027 0.008881093638335473
36 val: 0.07486069351434707 0.0089336259717436
37 val: 0.07495644241571427 0.008783725913134548
38 val: 0.07485072016716003 0.008799575353260421
39 val: 0.07494658529758454 0.008960339202643722
40 val: 0.0748454436659813 0.008880456005927977
41 val: 0.07496931999921799 0.008945183543954457
42 val: 0.0746686428785324 0.008913157457004177
43 val: 0.07474273890256881 0.009057905499663248
44 val: 0.0745260626077652 0.008986291425964136
45 val: 0.07464473247528076 0.00907512989449092
46 val: 0.07481421679258346 0.008913945929717153
47 val: 0.07467657774686813 0.00882408078344269
48 val: 0.07453040778636932 0.00891237486464279
49 val: 0.07461224645376205 0.008874347144450033
50 val: 0.0744367554783821 0.009002178374203794
51 val: 0.07434538751840591 0.009097867870896998
52 val: 0.07449447810649872 0.008965059456992145
53 val: 0.07446096241474151 0.008998172979272427
54 val: 0.07445756494998931 0.008946637969635162
55 val: 0.07459163516759873 0.008909384081916036
56 val: 0.07434432208538055 0.008999392156144826
57 val: 0.07448331117630005 0.008927866093522521
58 val: 0.0741746410727501 0.00901695882614895
59 val: 0.0745138868689537 0.008941559917909606
60 val: 0.07445234507322311 0.009052920002052519
61 val: 0.07440032809972763 0.00897504613443739
62 val: 0.07431033104658127 0.00913828754524059
63 val: 0.07421086877584457 0.008918417610233218
64 val: 0.07444581538438796 0.00914824484795985
65 val: 0.07441131621599198 0.009103246574258922
66 val: 0.07443899512290955 0.008892224274074264
67 val: 0.07419035881757736 0.008999353793148845
68 val: 0.07436974942684174 0.008795983058676132
69 val: 0.07436375170946122 0.008923191048260315
70 val: 0.07439223378896713 0.00895805480106445
