1 val: 0.09318356364965438 0.008656008352038115
2 val: 0.09193466156721115 0.00901291778653745
3 val: 0.09078808724880219 0.01004335113234893
4 val: 0.09046780914068223 0.011086650810113192
5 val: 0.08848837167024612 0.01112455481716274
6 val: 0.0871774509549141 0.012130135802444387
7 val: 0.08530954122543336 0.01245121091640925
8 val: 0.08354001939296722 0.011415412105125703
9 val: 0.08265061378479004 0.011254666630256397
10 val: 0.08066200017929077 0.011830939086215023
11 val: 0.07962081581354141 0.012100555218155644
12 val: 0.0783442035317421 0.011213949065264414
13 val: 0.07718446552753448 0.011233744577096994
14 val: 0.07641349136829376 0.011299993121719098
15 val: 0.07578872591257095 0.01064978999586832
16 val: 0.07500442862510681 0.010650274242761867
17 val: 0.07394296228885651 0.010627285033360792
18 val: 0.07397773265838622 0.010304312845790952
19 val: 0.0736860379576683 0.01042848232549242
20 val: 0.07295921742916107 0.010618520498161163
21 val: 0.07273389995098115 0.010669159669405579
22 val: 0.0724715992808342 0.010897862548240994
23 val: 0.07204949408769608 0.010352269142937168
24 val: 0.07191071212291718 0.010397588065501085
25 val: 0.07165102511644364 0.010577538800459108
26 val: 0.07153068631887435 0.010459110017146826
27 val: 0.07145935297012329 0.01034402319016139
28 val: 0.07131158709526061 0.010726681500542954
29 val: 0.07109065651893616 0.010277108813777615
30 val: 0.07078628689050674 0.010318879118689664
31 val: 0.07078442871570587 0.010156833372692466
32 val: 0.07072794735431671 0.009955212018702366
33 val: 0.07049584239721299 0.01001971333563384
34 val: 0.07059531211853028 0.0102059570022637
35 val: 0.07010065168142318 0.010154128781346933
36 val: 0.07016406208276749 0.010205117688518723
37 val: 0.07013317942619324 0.010007085011656557
38 val: 0.07001829892396927 0.009928070375231694
39 val: 0.07005192339420319 0.00992549768544843
40 val: 0.07000591158866883 0.010088754699510686
41 val: 0.06984809041023254 0.010314255199018357
42 val: 0.06969841718673705 0.010180282770980388
43 val: 0.06970366835594177 0.009943867702858742
44 val: 0.06962890177965164 0.009900518450602488
45 val: 0.06956274807453156 0.010070475319514416
46 val: 0.06949822902679444 0.01004034439214784
47 val: 0.06951987221837044 0.009959202751694539
48 val: 0.06942545473575593 0.010099331121155556
49 val: 0.06944622844457626 0.009776297514401696
50 val: 0.06957204639911652 0.009881798565424935
51 val: 0.06937563940882682 0.010104287651123455
52 val: 0.06926670670509338 0.009905132521977012
53 val: 0.06951867192983627 0.010090852988742613
54 val: 0.06931891366839409 0.009849267540591497
55 val: 0.06917799338698387 0.009973770711126703
56 val: 0.06901367157697677 0.009927089766357462
57 val: 0.06902291923761368 0.009913068666977238
58 val: 0.06931291967630386 0.009636536412877636
59 val: 0.06901983097195626 0.009946629906104362
60 val: 0.06911730989813805 0.010040423821190005
61 val: 0.06907672137022018 0.009885586623533086
62 val: 0.06895286068320275 0.009997226218779874
63 val: 0.06880402192473412 0.00987802937334095
64 val: 0.06896030381321908 0.00963278290358629
65 val: 0.0687874972820282 0.010009219748639279
66 val: 0.06877822503447532 0.009635602469734604
67 val: 0.0688791885972023 0.00994866624587358
68 val: 0.06888497620820999 0.01001064680434252
69 val: 0.06877701804041862 0.009911610078155386
70 val: 0.06869002059102058 0.0099675957563888
