1 val: 0.13533084094524384 0.008645536969033587
2 val: 0.13356497138738632 0.011595383075916538
3 val: 0.13262492269277573 0.011173253717413558
4 val: 0.13126263171434402 0.01219797319225209
5 val: 0.12988888323307038 0.012302653602764004
6 val: 0.12953722923994065 0.012337691275900411
7 val: 0.1301165074110031 0.011907405962269763
8 val: 0.12961051911115645 0.01275754752127796
9 val: 0.1297387346625328 0.012176501701888992
10 val: 0.1301331952214241 0.012719356745507041
11 val: 0.13053732961416245 0.012814038709529426
12 val: 0.13033129274845123 0.012041547143678506
13 val: 0.1308962032198906 0.013053306674956673
14 val: 0.13040556460618974 0.012665722003372341
15 val: 0.129924376308918 0.013004036694703817
16 val: 0.12918212562799453 0.012930867482932163
17 val: 0.12907542139291764 0.012737168857374498
18 val: 0.1289670392870903 0.012930449755771742
19 val: 0.12931569218635558 0.012610882650737634
20 val: 0.12898352444171907 0.013257496268131629
21 val: 0.12912239581346513 0.012952948643719183
22 val: 0.12880553752183915 0.012454186335270463
23 val: 0.12903328239917755 0.01228075844741857
24 val: 0.12903679609298707 0.012705711292407489
25 val: 0.12917452454566955 0.012316702715335874
26 val: 0.12936159074306489 0.011238153048578671
27 val: 0.12896520048379898 0.011784612557926231
28 val: 0.12877610623836516 0.011669038383662378
29 val: 0.1283434122800827 0.011718054570789
30 val: 0.12913625091314315 0.01179430164752136
31 val: 0.12876702547073365 0.011808570003224812
32 val: 0.12886454910039902 0.011921632304918625
33 val: 0.1288420334458351 0.010841085552375274
34 val: 0.12852296978235245 0.012347048999811093
35 val: 0.12817844599485398 0.012124391766452271
36 val: 0.12869460135698318 0.01206171214403036
37 val: 0.1280474528670311 0.012032947160008668
38 val: 0.12838975489139556 0.011812661940772233
39 val: 0.1276224210858345 0.011882107384471225
40 val: 0.12850497663021088 0.011774648038882734
41 val: 0.12753111571073533 0.012933596221743738
42 val: 0.12775843292474748 0.01162114464720291
43 val: 0.12784540206193923 0.012053281931276635
44 val: 0.12798998057842254 0.012118668940019822
45 val: 0.1280256539583206 0.01162065604927589
46 val: 0.12769177556037903 0.012629424424438858
47 val: 0.1276613399386406 0.012247888692699906
48 val: 0.12780881822109222 0.012233938232099133
49 val: 0.12801141589879989 0.012336921746962465
50 val: 0.12790751755237578 0.012089456753816372
