1 val: 0.10080898851156235 0.008572985631206195
2 val: 0.10058093219995498 0.008540767858298931
3 val: 0.09964763969182969 0.008734002171627625
4 val: 0.09965742528438568 0.00859987634248635
5 val: 0.0991047278046608 0.007890559816409765
6 val: 0.09979821294546128 0.008291399061119033
7 val: 0.0999374732375145 0.008679135866499812
8 val: 0.10029899179935456 0.010542810488470354
9 val: 0.10169964581727982 0.01111567033148172
10 val: 0.10064225792884826 0.010785613948131297
11 val: 0.10082651525735856 0.011491566269322252
12 val: 0.10052908360958099 0.01169654436338775
13 val: 0.1004228338599205 0.011067517086703336
14 val: 0.10044190138578415 0.011180201997150087
15 val: 0.10019916594028473 0.010487082275871605
16 val: 0.09883527159690857 0.011026149203657753
17 val: 0.09808086454868317 0.010965297396323079
18 val: 0.09676159769296647 0.010682057787076437
19 val: 0.09720105230808258 0.01121769311441064
20 val: 0.09608514904975891 0.011908200410125065
21 val: 0.0957447499036789 0.011344634708802096
22 val: 0.09493298232555389 0.01119001105344431
23 val: 0.09381002187728882 0.011325364390018935
24 val: 0.09378907978534698 0.011258349662279076
25 val: 0.09302834123373031 0.01078814390202882
26 val: 0.09271601289510727 0.010672611262491005
27 val: 0.09183620810508727 0.010259709377317676
28 val: 0.09225445985794067 0.0107312266206812
29 val: 0.09164017289876938 0.010469317430879406
30 val: 0.09126472920179367 0.010408858746289487
31 val: 0.09110854715108871 0.010259562977782834
32 val: 0.09027560502290725 0.01047862994848481
33 val: 0.09006255269050598 0.010275839642722535
34 val: 0.08964892029762268 0.010026033850906365
35 val: 0.08934463262557983 0.010305566468355433
36 val: 0.08844969272613526 0.01043047912460768
37 val: 0.08842101693153381 0.010100059544472961
38 val: 0.08881102055311203 0.010327161062935238
39 val: 0.0880395382642746 0.009781384914510268
40 val: 0.08799023926258087 0.009989389429909946
41 val: 0.08806066662073135 0.009835468242462531
42 val: 0.0875034898519516 0.010038818680704994
43 val: 0.08753354996442794 0.010227199697991097
44 val: 0.08659176379442216 0.009931252054825111
45 val: 0.08698140233755111 0.010474428267812329
46 val: 0.08689274489879609 0.010234566888478291
47 val: 0.08714266121387482 0.010660352398369757
48 val: 0.08647767752408982 0.010151817118299314
49 val: 0.08650864958763123 0.010074602526551457
50 val: 0.08593712747097015 0.01002401665947632
51 val: 0.08587435930967331 0.010155575547482532
52 val: 0.08601012080907822 0.009903026840922875
53 val: 0.08641440719366074 0.009909223340886725
54 val: 0.08588745296001435 0.00956492364994091
55 val: 0.08619693964719773 0.009950251821201931
56 val: 0.08570175915956497 0.01004299800889336
57 val: 0.08549690395593643 0.010348481590220154
58 val: 0.08529145568609238 0.01074583651449193
59 val: 0.0850699633359909 0.010107635986388589
60 val: 0.08517511785030366 0.010395288450279615
61 val: 0.085330331325531 0.01018407138162225
62 val: 0.08534488230943679 0.010253658965998487
63 val: 0.08489354997873307 0.01003689324066499
64 val: 0.08522688895463944 0.010210792793260788
65 val: 0.08509913831949234 0.010112998161902564
66 val: 0.0851454570889473 0.010475987897122197
67 val: 0.0851733297109604 0.009939348488765506
68 val: 0.0847701758146286 0.010124533149316937
69 val: 0.08520088791847229 0.010100885116431476
70 val: 0.08476734161376953 0.01020749933436955
