1 val: 0.08698595315217972 0.008171515953032912
2 val: 0.086492158472538 0.009161881332047213
3 val: 0.08426208794116974 0.00891011788982787
4 val: 0.08143137842416763 0.009930547465573576
5 val: 0.08039955794811249 0.008904951924386666
6 val: 0.0786095067858696 0.009000738699455673
7 val: 0.07778794020414352 0.009495052165693704
8 val: 0.07687185406684875 0.009708631305714742
9 val: 0.07623686939477921 0.009711279798406384
10 val: 0.0758159875869751 0.009508841031665452
11 val: 0.07517092823982238 0.009605942391766854
12 val: 0.07524051815271378 0.009843832602474298
13 val: 0.07500313818454743 0.009791553677294822
14 val: 0.07493216693401336 0.009506858247760888
15 val: 0.07472388446331024 0.009565680519752304
16 val: 0.07448204904794693 0.009640120693613669
17 val: 0.07442502230405808 0.009853631873918961
18 val: 0.07422508001327514 0.009535648866781557
19 val: 0.07410541027784348 0.010012881030655648
20 val: 0.07395268231630325 0.009757728479977369
21 val: 0.0737508237361908 0.009805499915272601
22 val: 0.07367910146713257 0.009878716054418266
23 val: 0.07378741204738617 0.00990249282248868
24 val: 0.07348100244998931 0.009842639999344111
25 val: 0.07344118654727935 0.009833607676843586
26 val: 0.07367573976516724 0.009694427716077902
27 val: 0.07357208728790283 0.009583722083065559
28 val: 0.0732676088809967 0.009703970011438924
29 val: 0.0732683390378952 0.00979250344895194
30 val: 0.0733534649014473 0.009733199525155107
31 val: 0.07321164906024932 0.009629786479034128
32 val: 0.07331385612487792 0.009807240126641584
33 val: 0.07326460182666779 0.009867302805197197
34 val: 0.07332308143377304 0.009916336635253023
35 val: 0.07318703085184097 0.00987958494390646
36 val: 0.07299466580152511 0.009774991275252042
37 val: 0.07298174947500229 0.009789242783641728
38 val: 0.07303442806005478 0.009751797455866748
39 val: 0.07305753976106644 0.009662878744557537
40 val: 0.07285615503787994 0.009760102088231205
41 val: 0.0728488638997078 0.009941412980864468
42 val: 0.07286660224199296 0.009640493926361578
43 val: 0.07291403263807297 0.009943610463000501
44 val: 0.07267950624227523 0.009921255624395465
45 val: 0.07271970957517623 0.009960894017975829
46 val: 0.07272056788206101 0.009480599900162728
47 val: 0.07284113317728043 0.009815389003566414
48 val: 0.07291097790002823 0.009679295054291007
49 val: 0.0726795569062233 0.00965943786580305
50 val: 0.07259910702705383 0.009755708552939404
51 val: 0.07281259149312973 0.009766286176107248
52 val: 0.0726725071668625 0.009724995640926288
53 val: 0.07257508784532547 0.009780654945602181
54 val: 0.0727070465683937 0.00980490760455625
55 val: 0.07257046848535538 0.009673151285902808
56 val: 0.07256494760513306 0.009639435419091248
57 val: 0.07276444286108016 0.009594366303710557
58 val: 0.07262525856494903 0.009648297526156526
59 val: 0.07251700311899185 0.00974380365894658
60 val: 0.07257748991250992 0.009791159725080614
61 val: 0.07258739322423935 0.009687986044100799
62 val: 0.07251343578100204 0.009806400328244144
63 val: 0.0724632352590561 0.009782807927344489
64 val: 0.07242614030838013 0.00979539748800814
65 val: 0.07265440374612808 0.009867789541922708
66 val: 0.07253898233175278 0.009904232488570523
67 val: 0.07257340401411057 0.009672181309315653
68 val: 0.0723255529999733 0.009670569633201209
69 val: 0.0724993497133255 0.009839012048990318
70 val: 0.07258934527635574 0.009686517487729968
