1 val: 0.13399491012096404 0.011057972479167455
2 val: 0.1279706373810768 0.011288127930437044
3 val: 0.12458774745464325 0.012103202592963627
4 val: 0.12225777357816696 0.01219179833995981
5 val: 0.12181469649076462 0.012191698600887398
6 val: 0.12077896893024445 0.01232227340963997
7 val: 0.12038647681474686 0.012058824899078476
8 val: 0.12003505975008011 0.011893833554608517
9 val: 0.11980212330818177 0.011799526745073084
10 val: 0.11938216686248779 0.011714428908278165
11 val: 0.1190154954791069 0.01217391186313879
12 val: 0.11907918751239777 0.012376548650592933
13 val: 0.11894528865814209 0.012445229872020451
14 val: 0.118862085044384 0.011911955532321966
15 val: 0.11860868930816651 0.01207252400754694
16 val: 0.11861656457185746 0.011787952808450256
17 val: 0.11852027624845504 0.011997330191775726
18 val: 0.11849944293498993 0.011958236954743745
19 val: 0.1188926175236702 0.012752905404021044
20 val: 0.11891420036554337 0.01217041154056599
21 val: 0.1186753123998642 0.01272579700980714
22 val: 0.11843382418155671 0.011843051423194199
23 val: 0.11844056695699692 0.012489497646954867
24 val: 0.11853893846273422 0.012402859945738044
25 val: 0.11859755516052246 0.012025265784702106
26 val: 0.11839218437671661 0.01180816314345065
27 val: 0.11876046657562256 0.012302819842515017
28 val: 0.11875730007886887 0.012665656109589108
29 val: 0.11821924597024917 0.012085681682233755
30 val: 0.11856487542390823 0.012571267734785669
31 val: 0.11859810650348664 0.012196547865409092
32 val: 0.11835054904222489 0.0121214128842379
33 val: 0.11807107627391815 0.011971915841293167
34 val: 0.11802224814891815 0.012043507462618033
35 val: 0.11813948154449463 0.011634151285394894
36 val: 0.11839381009340286 0.012184298692772355
37 val: 0.11789462268352509 0.011676094843348162
38 val: 0.11823351979255677 0.011962809199966836
39 val: 0.11787975430488587 0.011960235426057193
40 val: 0.11832910180091857 0.012300152935762126
41 val: 0.11815988421440124 0.012452669886869055
42 val: 0.11753627508878708 0.012202148721503207
43 val: 0.1178755909204483 0.012123012913482572
44 val: 0.118009153008461 0.011771781755501953
45 val: 0.11774875372648239 0.012340990289514549
46 val: 0.11796164363622666 0.012075774623977131
47 val: 0.11795841157436371 0.011971030072191816
48 val: 0.11743876785039901 0.012045827904016853
49 val: 0.1174205407500267 0.011779794781044907
50 val: 0.11762171685695648 0.012547806305539757
