1 val: 0.1335252806544304 0.012489099886531269
2 val: 0.13008629083633422 0.011705200348625508
3 val: 0.12869300395250322 0.012088003293476684
4 val: 0.1272188290953636 0.012147086697545282
5 val: 0.1272985443472862 0.012124274068048703
6 val: 0.12734546661376953 0.01219590438576375
7 val: 0.1275845855474472 0.011288859921460599
8 val: 0.12750148475170137 0.012079869449287422
9 val: 0.12739655375480652 0.011459139668412398
10 val: 0.12728185951709747 0.012043749035556632
11 val: 0.1272643506526947 0.012098760418004582
12 val: 0.12694327980279924 0.012666002441779465
13 val: 0.12732656449079513 0.011886514635151025
14 val: 0.12710187137126921 0.011349415439164953
15 val: 0.1269282281398773 0.011928543165392365
16 val: 0.12644915729761125 0.012046847279619253
17 val: 0.12540678828954696 0.011639805040201826
18 val: 0.12544699013233185 0.012096807322428084
19 val: 0.12569653242826462 0.011981069872341753
20 val: 0.12500045895576478 0.011454156185636787
21 val: 0.12462645769119263 0.012226024401781437
22 val: 0.12487170994281768 0.012131547040668175
23 val: 0.12515602856874466 0.011286024119733564
24 val: 0.1254177376627922 0.012628717153075477
25 val: 0.12443222999572753 0.011404556053595565
26 val: 0.12395910918712616 0.012050465941422124
27 val: 0.12418517917394638 0.01222256813366585
28 val: 0.12476701438426971 0.011706637057071957
29 val: 0.1242702528834343 0.011699364819015776
30 val: 0.12403906136751175 0.011825257114703431
31 val: 0.12441880106925965 0.01233522464127068
32 val: 0.12362686395645142 0.011692673178222635
33 val: 0.12367241680622101 0.011377242931366844
34 val: 0.12390426248311996 0.011725069502031888
35 val: 0.12384956330060959 0.011956055906087325
36 val: 0.12431224286556244 0.010830342815838858
37 val: 0.123920376598835 0.011449307192819756
38 val: 0.12370045632123947 0.011950126444872424
39 val: 0.12337632477283478 0.010858279625672563
40 val: 0.12404696345329284 0.011186398216288179
41 val: 0.12373213469982147 0.012508468528999462
42 val: 0.12320481687784195 0.011245427851766604
43 val: 0.12360002547502517 0.011335650506087343
44 val: 0.1237642601132393 0.011144989016195529
45 val: 0.12419106662273408 0.010246640955637733
46 val: 0.12372780591249466 0.010985465340044053
47 val: 0.12328982800245285 0.010931319580505262
48 val: 0.12333721667528152 0.01072902477381273
49 val: 0.12341255247592926 0.011278901374289394
50 val: 0.12382901012897492 0.010957084978374762
