1 val: 0.13713440895080567 0.005759421697231584
2 val: 0.13815717101097108 0.008096764575141354
3 val: 0.13723102509975432 0.010614689444164823
4 val: 0.1365094155073166 0.012423732423147774
5 val: 0.13586141765117646 0.013143386822431026
6 val: 0.13519941717386247 0.013674734991915287
7 val: 0.13431959003210067 0.013418851465548507
8 val: 0.13282618373632432 0.01323080519376144
9 val: 0.132552632689476 0.011957551056966163
10 val: 0.13218382894992828 0.011504229171714755
11 val: 0.1311105579137802 0.011682569379762623
12 val: 0.13027151077985763 0.01254584821132848
13 val: 0.12897105813026427 0.013444251042072254
14 val: 0.12778039574623107 0.014312141605547668
15 val: 0.1276533603668213 0.012917566918106992
16 val: 0.12750076353549958 0.012331534424910593
17 val: 0.12841150909662247 0.013702416188777523
18 val: 0.12691377252340316 0.014388562829850128
19 val: 0.12685237526893617 0.01458023160503283
20 val: 0.12487910389900207 0.01342568462674945
21 val: 0.12304520905017853 0.012874010699477115
22 val: 0.12189701348543167 0.014281790034473338
23 val: 0.1211540788412094 0.014596429407821222
24 val: 0.12133632898330689 0.014389749562750215
25 val: 0.12000667601823807 0.014362153127774547
26 val: 0.11884044259786605 0.01376768244989658
27 val: 0.11778254210948944 0.012760908763670918
28 val: 0.11812039464712143 0.013854603427450643
29 val: 0.11745451837778091 0.014422317057993326
30 val: 0.1172648623585701 0.015346714659114679
31 val: 0.11605820506811142 0.01457401178570344
32 val: 0.11583141535520554 0.014342521114225576
33 val: 0.11559693664312362 0.014132073502360188
34 val: 0.1151264876127243 0.013938436403242545
35 val: 0.11421485990285873 0.013023919512635568
36 val: 0.1139136090874672 0.013319213386053404
37 val: 0.11364925503730774 0.013156407077279428
38 val: 0.11357563436031341 0.013317406001622628
39 val: 0.11316383779048919 0.014650144071636464
40 val: 0.11290869116783142 0.014834295177677101
41 val: 0.11278381049633027 0.01467844370704063
42 val: 0.11131541281938553 0.014821567436132466
43 val: 0.1105263888835907 0.014375746174075754
44 val: 0.11108890026807786 0.014899727416866841
45 val: 0.10968049466609955 0.015110548184957884
46 val: 0.10906433612108231 0.014633258458907302
47 val: 0.10956805795431138 0.014264862030974913
48 val: 0.1086351752281189 0.014163068349047387
49 val: 0.10949031710624695 0.013192775073579925
50 val: 0.10770857632160187 0.01340874848706174
51 val: 0.10744921416044236 0.013964889760817232
52 val: 0.1073857605457306 0.013022408408957386
53 val: 0.10747473835945129 0.013764026905323088
54 val: 0.10702306032180786 0.013453259918425031
55 val: 0.10673138052225113 0.012795751339789066
56 val: 0.10666878074407578 0.012702670183504428
57 val: 0.1058182418346405 0.012865677847965981
58 val: 0.10634738653898239 0.01272268198723987
59 val: 0.10592291802167893 0.013311169273251296
60 val: 0.10589669793844222 0.012786297667927238
61 val: 0.1055220052599907 0.013216576233449797
62 val: 0.10500701516866684 0.012946886176057206
63 val: 0.10488933473825454 0.013151197407606164
64 val: 0.10456366539001465 0.013329943636025032
65 val: 0.10436652302742004 0.013090262142247061
66 val: 0.10429628938436508 0.013563882133921248
67 val: 0.10386507064104081 0.012962373259948394
68 val: 0.10410641580820083 0.013275912564679275
69 val: 0.10376822352409362 0.013187843660391088
70 val: 0.10361405164003372 0.012804228471806204
