1 val: 0.10000280290842056 0.008085351135864068
2 val: 0.09946913719177246 0.007908724944910371
3 val: 0.09851361215114593 0.008120275018337982
4 val: 0.09837094843387603 0.008035072443675299
5 val: 0.09803053736686707 0.007958730885441245
6 val: 0.09861215054988862 0.008602190805347212
7 val: 0.09863821715116501 0.010018496671022285
8 val: 0.09924929589033127 0.011460389605532405
9 val: 0.09968094229698181 0.011736294014259588
10 val: 0.10037313550710678 0.013061713144880303
11 val: 0.10004225820302963 0.010986253955923585
12 val: 0.10029607415199279 0.010883974566791544
13 val: 0.09885867685079575 0.011115947072025368
14 val: 0.09793171435594558 0.011380725642360924
15 val: 0.097705540060997 0.011375631167244047
16 val: 0.09656328707933426 0.011238898942728557
17 val: 0.09640949070453644 0.011123095065237931
18 val: 0.09527682662010192 0.010514507617247992
19 val: 0.0947976440191269 0.011415565269982402
20 val: 0.09409135729074478 0.011769658448050349
21 val: 0.09344911873340607 0.0115344583484183
22 val: 0.09266976714134216 0.011031785004399386
23 val: 0.09183250069618225 0.010964684369451411
24 val: 0.09205275475978851 0.011617817374146203
25 val: 0.0915495440363884 0.011503780535671516
26 val: 0.09120738208293915 0.011106116733612536
27 val: 0.09048585891723633 0.011695547361694607
28 val: 0.09015643745660781 0.011538393893772151
29 val: 0.09032236337661743 0.011479658533782284
30 val: 0.08966646641492844 0.011182352946332587
31 val: 0.09009946882724762 0.011131532256901834
32 val: 0.08929416835308075 0.011408411682341258
33 val: 0.0888983130455017 0.010457224660525857
34 val: 0.08882618993520737 0.011167926777951647
35 val: 0.08816223442554474 0.011176556066812731
36 val: 0.08810385912656785 0.010490695303065881
37 val: 0.08796525448560714 0.010786307613565799
38 val: 0.08796258270740509 0.01124292534455837
39 val: 0.08767324090003967 0.010774491902452
40 val: 0.08745522797107697 0.010987267628941212
41 val: 0.08788603246212005 0.011331863839602108
42 val: 0.08714538514614105 0.011070209364373796
43 val: 0.08695451319217681 0.010626670670080784
44 val: 0.08677995204925537 0.01049758431672126
45 val: 0.08681292682886124 0.011143563300234909
46 val: 0.08669210821390153 0.010590973328035283
47 val: 0.08649427145719528 0.010335478015258352
48 val: 0.08663644045591354 0.010201337362949762
49 val: 0.08713870197534561 0.01083976612445209
50 val: 0.08626013696193695 0.010332675939288955
51 val: 0.08617101609706879 0.010288036810161218
52 val: 0.08589607328176499 0.010332253442881191
53 val: 0.08596491813659668 0.010501018688180394
54 val: 0.08646315336227417 0.009865326530170637
55 val: 0.08617330342531204 0.010018939590760082
56 val: 0.08564365357160568 0.010428625065291236
57 val: 0.08580963611602783 0.010358881089144432
58 val: 0.08562168329954148 0.010590269444640272
59 val: 0.08574014455080033 0.010315121520021495
60 val: 0.08566285967826844 0.01059153187596037
61 val: 0.0854638546705246 0.01018589474750684
62 val: 0.08581306338310242 0.010119884582815616
63 val: 0.08570966571569442 0.010251127223214971
64 val: 0.0859050452709198 0.009937820014537956
65 val: 0.08558901846408844 0.010172630842439198
66 val: 0.08568999618291855 0.010382814467303892
67 val: 0.08556995242834091 0.009969224818682699
68 val: 0.08553119450807571 0.009860509198011243
69 val: 0.08541411310434341 0.009998529202024682
70 val: 0.08555715680122375 0.00995226523212206
