1 val: 0.13522340208292008 0.011914823022880697
2 val: 0.13298222571611404 0.012976070361502742
3 val: 0.13078953176736832 0.013388047648915859
4 val: 0.12907433807849883 0.013059841926179646
5 val: 0.1278297170996666 0.012984876120054476
6 val: 0.12714140862226486 0.012850159349972974
7 val: 0.12644315361976624 0.011758811192266402
8 val: 0.12544772922992706 0.01219182535689619
9 val: 0.1249837875366211 0.011793497777676257
10 val: 0.12494641393423081 0.012934653075165888
11 val: 0.1248268648982048 0.012100431559812844
12 val: 0.12410854399204255 0.012762927094551626
13 val: 0.12451170086860656 0.012251411980374025
14 val: 0.12368857711553574 0.01269651834778407
15 val: 0.12386718541383743 0.012279476928498317
16 val: 0.1230387419462204 0.012026324604202023
17 val: 0.1230468899011612 0.01160077570641594
18 val: 0.12255070954561234 0.011651984195583864
19 val: 0.12339684069156646 0.012134345246429874
20 val: 0.12271147817373276 0.012162449211376278
21 val: 0.12281849980354309 0.011787190334878161
22 val: 0.12282361388206482 0.012068822077305185
23 val: 0.1221993774175644 0.011303717510689688
24 val: 0.12274064719676972 0.011754307330368264
25 val: 0.12193121612071992 0.011435722345680984
26 val: 0.12251150459051133 0.011313070892503383
27 val: 0.1216583713889122 0.011721022638919379
28 val: 0.12187690287828445 0.011368555484463428
29 val: 0.1223679631948471 0.01216632695913444
30 val: 0.12216022163629532 0.011231999624266078
31 val: 0.12221040427684784 0.011536510515017135
32 val: 0.12129572778940201 0.01125075203873233
33 val: 0.12177445441484451 0.01146124469317902
34 val: 0.1212325245141983 0.011412343905238497
35 val: 0.12129062563180923 0.011586113761979577
36 val: 0.12156116962432861 0.011229794870772454
37 val: 0.1212572619318962 0.011291061681546704
38 val: 0.1212180346250534 0.011333578182569746
39 val: 0.12158784717321396 0.010954917575830324
40 val: 0.12154434621334076 0.01130726264894592
41 val: 0.12132398933172225 0.011656562137960404
42 val: 0.1205607533454895 0.011320330661924054
43 val: 0.12135851979255677 0.011400895155323961
44 val: 0.12083027809858322 0.01132014871301814
45 val: 0.12104948461055756 0.010436814115904478
46 val: 0.12107663303613662 0.01101870287239115
47 val: 0.12112947851419449 0.011269267113700486
48 val: 0.12139311879873275 0.010868487832975927
49 val: 0.12086237072944642 0.010830919217447771
50 val: 0.1211072251200676 0.01098064499159278
