1 val: 0.08996002525091171 0.009540937124522933
2 val: 0.08929824680089951 0.00987091267867312
3 val: 0.08906617015600204 0.010189529933675714
4 val: 0.08551457226276397 0.009071032106081367
5 val: 0.08411587029695511 0.008463442656955889
6 val: 0.0827968329191208 0.00900354958334944
7 val: 0.08161499798297882 0.009005318921364374
8 val: 0.08028087764978409 0.009043143576117997
9 val: 0.07954640686511993 0.008664760825542387
10 val: 0.07902489602565765 0.008500816324716592
11 val: 0.07860371321439744 0.00839288230951498
12 val: 0.07834886759519577 0.008268366209240176
13 val: 0.0782183438539505 0.008073416031335521
14 val: 0.07756102681159974 0.007964480157233974
15 val: 0.07766840159893036 0.007867544653814956
16 val: 0.07716354876756668 0.00786622032546553
17 val: 0.07720300555229187 0.007962871879470002
18 val: 0.07674371004104615 0.007966896939972106
19 val: 0.07643550485372544 0.008003792690483609
20 val: 0.07624783664941788 0.0079141210866604
21 val: 0.07613177746534347 0.007986249084983361
22 val: 0.07612226605415344 0.007840833922341592
23 val: 0.07570389658212662 0.008199253211726614
24 val: 0.07562022060155868 0.008264850689133556
25 val: 0.07568250447511674 0.008250187479684642
26 val: 0.07541109621524811 0.008146703474839305
27 val: 0.07534191161394119 0.008221712519705535
28 val: 0.07496161311864853 0.008276679725132904
29 val: 0.07538679838180543 0.008022582693410335
30 val: 0.07509009540081024 0.00815207835582454
31 val: 0.07513928562402725 0.008219907219869121
32 val: 0.07501527518033982 0.008236211019940978
33 val: 0.07499920874834061 0.008341042888996253
34 val: 0.07486839443445206 0.008218694017055588
35 val: 0.0746737003326416 0.00830842980956123
36 val: 0.07471289187669754 0.008318980716324673
37 val: 0.07468090951442719 0.008259031474418125
38 val: 0.07476081103086471 0.008254345864353497
39 val: 0.07467220872640609 0.008471254271278917
40 val: 0.07440875619649887 0.008266938389285295
41 val: 0.07442989945411682 0.008540027650207102
42 val: 0.07448192685842514 0.008430540631605385
43 val: 0.07471505254507065 0.008194558540217837
44 val: 0.07438711822032928 0.008774276781936497
45 val: 0.07462337464094163 0.008514036909499811
46 val: 0.07455312013626099 0.008385623346676013
47 val: 0.07447609007358551 0.008555086505137638
48 val: 0.07452452629804611 0.008365881926582146
49 val: 0.07451061308383941 0.008391594060664413
50 val: 0.07453389912843704 0.008420331390288754
51 val: 0.07453588992357255 0.00860707848344143
52 val: 0.07403502762317657 0.008703862354660592
53 val: 0.07429749071598053 0.008632932258456731
54 val: 0.07431094348430634 0.008545132615495122
55 val: 0.07425127476453781 0.008541365200780004
56 val: 0.07402439564466476 0.008677357295605556
57 val: 0.07415394932031631 0.008806362998368681
58 val: 0.07402951866388321 0.008562921843055002
59 val: 0.07424064725637436 0.008617011697298275
60 val: 0.07409862279891968 0.008583026591062769
61 val: 0.07420183569192887 0.008702955775966277
62 val: 0.07410337477922439 0.008949477361209787
63 val: 0.07417018562555314 0.0084762632725206
64 val: 0.07391188442707061 0.00871107965576588
65 val: 0.07408500611782073 0.008612259699939489
66 val: 0.07405348122119904 0.008431949622629456
67 val: 0.07420634329319001 0.008541894363097578
68 val: 0.07402942180633545 0.008510944727452141
69 val: 0.07404897511005401 0.00858601844683288
70 val: 0.07423920631408691 0.008358280878466394
