1 val: 0.11569061577320099 0.007295321016236688
2 val: 0.11495865434408188 0.00865709072338483
3 val: 0.1157564252614975 0.01120853666544019
4 val: 0.11474529802799224 0.013726072818831276
5 val: 0.1142557442188263 0.013729680314400534
6 val: 0.1125543862581253 0.015145869730206754
7 val: 0.1103718563914299 0.015697887605862958
8 val: 0.10907759219408035 0.015812540019320056
9 val: 0.10746952146291733 0.014556292572135192
10 val: 0.10696518123149872 0.014556839169251856
11 val: 0.10645702183246612 0.014702458418187573
12 val: 0.10578612238168716 0.01402242696547912
13 val: 0.10446873605251313 0.014136066881472951
14 val: 0.1040913000702858 0.014193535357384062
15 val: 0.10359540730714797 0.013834134704085472
16 val: 0.1031373918056488 0.013878831652814406
17 val: 0.10239533483982086 0.01373014816725898
18 val: 0.10169809758663177 0.01361322419174688
19 val: 0.10122381448745728 0.013179113136527974
20 val: 0.101136614382267 0.013076778412728675
21 val: 0.10043266862630844 0.012860690171909047
22 val: 0.09993734210729599 0.013372753789435074
23 val: 0.09969691783189774 0.012772604902505494
24 val: 0.09988726824522018 0.013332125282812713
25 val: 0.09956193268299103 0.01251189387423876
26 val: 0.09861895442008972 0.01268361966306171
27 val: 0.0980597272515297 0.012798470168662573
28 val: 0.09833312332630158 0.01273017902279166
29 val: 0.09794643372297288 0.012453346264523258
30 val: 0.09786726981401443 0.013092822512437775
31 val: 0.09808791577816009 0.012463338960180422
32 val: 0.0970739558339119 0.012258561704055778
33 val: 0.09723909348249435 0.012132591963349858
34 val: 0.09701164364814759 0.012529842332566864
35 val: 0.09668011665344238 0.012953511983423531
36 val: 0.09625646770000458 0.013113858948514663
37 val: 0.09585658311843873 0.012767273442256925
38 val: 0.09587746560573578 0.012158226629546843
39 val: 0.09582899659872054 0.012758408212384408
40 val: 0.09517132937908172 0.012255469702271194
41 val: 0.09524360299110413 0.012968720293055853
42 val: 0.09501122385263443 0.012737431336368536
43 val: 0.09465477168560028 0.011884079950573861
44 val: 0.09431739002466202 0.012383019104719025
45 val: 0.09473752975463867 0.012623217620956093
46 val: 0.09434639066457748 0.012909745841503612
47 val: 0.09403794258832932 0.012655109456219458
48 val: 0.09416485130786896 0.012344590896207116
49 val: 0.09457173645496368 0.012205794178449962
50 val: 0.09391592890024185 0.012349162594103602
51 val: 0.09370427578687668 0.012520495092040172
52 val: 0.09357650130987168 0.012107541254764296
53 val: 0.09339104145765305 0.01264331650570911
54 val: 0.09362074732780457 0.012277195698899077
55 val: 0.09309408813714981 0.012781678816202322
56 val: 0.09316530078649521 0.012894484288476029
57 val: 0.09257366955280304 0.012883075977454085
58 val: 0.09281733036041259 0.01249778655341703
59 val: 0.09296748340129853 0.012498644698812386
60 val: 0.09266446232795715 0.01279521021518827
61 val: 0.09257462918758393 0.012541157655306593
62 val: 0.09238034933805465 0.012476546030441054
63 val: 0.0923059567809105 0.012332219457035198
64 val: 0.09227378219366074 0.012996892887599693
65 val: 0.09255029559135437 0.01303526244269997
66 val: 0.09189397841691971 0.012331665998374536
67 val: 0.09170187562704087 0.01228471761019309
68 val: 0.0920310840010643 0.012201444670416636
69 val: 0.09146979004144669 0.012492657966029766
70 val: 0.0916960746049881 0.012615609424927544
