1 val: 0.13309595435857774 0.013339611755604287
2 val: 0.1316337466239929 0.01108806517158484
3 val: 0.1305701181292534 0.011444631912846295
4 val: 0.13022843152284622 0.011653758987839092
5 val: 0.12956368029117585 0.012126456581465425
6 val: 0.12905431389808655 0.01191986607918572
7 val: 0.12945881187915803 0.011448558350409536
8 val: 0.12957579791545867 0.011997422169631492
9 val: 0.12957538217306136 0.011595286891097671
10 val: 0.12948913276195526 0.012409154300634453
11 val: 0.12887406647205352 0.012567438715941084
12 val: 0.1298059418797493 0.012658110972831293
13 val: 0.12940260767936707 0.012791526992137732
14 val: 0.12887152284383774 0.012622524660044617
15 val: 0.12954094707965852 0.01212997683800152
16 val: 0.1292343407869339 0.012889097614386948
17 val: 0.12864501029253006 0.013321374574734307
18 val: 0.1285435751080513 0.013501122369840518
19 val: 0.12925620526075363 0.012665915346931607
20 val: 0.12814566344022751 0.0128486293567843
21 val: 0.12814005464315414 0.0133827482036206
22 val: 0.12795282751321793 0.013059383492077718
23 val: 0.12815654277801514 0.012821482586785659
24 val: 0.12824908196926116 0.01373016274790253
25 val: 0.12780388742685317 0.013039293355691168
26 val: 0.1281772330403328 0.012676703695632724
27 val: 0.12795304954051973 0.012667106404444005
28 val: 0.12821317017078399 0.012818945035195534
29 val: 0.1281685411930084 0.012971062182621826
30 val: 0.12808003276586533 0.0128015690139759
31 val: 0.12767886072397233 0.012856676963128286
32 val: 0.1281372219324112 0.012575595840945962
33 val: 0.12743482291698455 0.012832342146530932
34 val: 0.12816616743803025 0.012441535760216298
35 val: 0.1282822981476784 0.012402652188850857
36 val: 0.12730003893375397 0.012269837073988732
37 val: 0.12804176062345504 0.012232246090326701
38 val: 0.1279774397611618 0.012014963282730995
39 val: 0.1278977334499359 0.011878417159307094
40 val: 0.12809134423732757 0.011304223126940897
41 val: 0.12786872833967208 0.011915751371517607
42 val: 0.12725534290075302 0.011661308312221591
43 val: 0.1272193193435669 0.01210554243506894
44 val: 0.12813087403774262 0.011303142486189672
45 val: 0.127340230345726 0.011575662562785305
46 val: 0.12786542475223542 0.011327630473764566
47 val: 0.12770213335752487 0.010677090899820307
48 val: 0.12763814479112626 0.011033046146633493
49 val: 0.12780722677707673 0.010980897915403237
50 val: 0.12755701690912247 0.010613817866117078
