1 val: 0.10294809043407441 0.007683640997239147
2 val: 0.10264800041913986 0.007575901686189099
3 val: 0.10222481787204743 0.00755836345087088
4 val: 0.10182690620422363 0.008154913085943306
5 val: 0.10121994763612747 0.008336992038921751
6 val: 0.10236660540103912 0.008732146394329014
7 val: 0.10258807688951492 0.009214354554800252
8 val: 0.10251370668411255 0.010732538993687143
9 val: 0.10314526557922363 0.011403601678295482
10 val: 0.1027582585811615 0.012026899373087237
11 val: 0.1037087857723236 0.012569890151363306
12 val: 0.10327532589435577 0.012011978355296216
13 val: 0.1034378468990326 0.012396238230788819
14 val: 0.1028958722949028 0.0124968292426161
15 val: 0.10363363176584243 0.012115548509858548
16 val: 0.10267380774021148 0.012438155232302624
17 val: 0.10329290479421616 0.012159039791527188
18 val: 0.10175586640834808 0.012027523608779825
19 val: 0.10198764801025391 0.012295290573906631
20 val: 0.10071507543325424 0.013052888906201434
21 val: 0.0999392107129097 0.012710976673923137
22 val: 0.09978581070899964 0.012609232217723788
23 val: 0.09851837456226349 0.011989620467486799
24 val: 0.09896699339151382 0.01156991284707207
25 val: 0.09767688959836959 0.01135686746267198
26 val: 0.0976140946149826 0.011049242227322459
27 val: 0.0968027651309967 0.011098980034270265
28 val: 0.09652359783649445 0.010973547652211781
29 val: 0.09620454758405686 0.010781547688960561
30 val: 0.09550679475069046 0.010332281143632117
31 val: 0.09478699415922165 0.010119242759966882
32 val: 0.09478318095207214 0.010311240324353679
33 val: 0.09444776475429535 0.010094001112255125
34 val: 0.09407213032245636 0.01023584554030353
35 val: 0.09418309926986694 0.010289759492282152
36 val: 0.09367449432611466 0.010146355834916666
37 val: 0.09272517561912537 0.009938719293305594
38 val: 0.09364546984434127 0.009436590759003846
39 val: 0.09216448962688446 0.00913225578359363
40 val: 0.09198533594608307 0.00947902738642406
41 val: 0.09239002466201782 0.009394560962467262
42 val: 0.09163363724946975 0.009259764893815714
43 val: 0.09184358716011047 0.00959135079504061
44 val: 0.09138396829366684 0.009238421164398079
45 val: 0.09125651866197586 0.009207418500676664
46 val: 0.09140819609165192 0.008711401156793006
47 val: 0.09112237095832824 0.008914688747411624
48 val: 0.09132542610168456 0.009254314966726813
49 val: 0.09104522168636323 0.008482588021786478
50 val: 0.09091762155294418 0.008834797287922382
51 val: 0.09040038138628007 0.008740215242118883
52 val: 0.09004860073328018 0.008351063230851958
53 val: 0.09033622741699218 0.008270720461390105
54 val: 0.08999373763799667 0.008348145724489608
55 val: 0.08984337598085404 0.008471662093175803
56 val: 0.08993950486183167 0.008467176395837894
57 val: 0.08995110541582108 0.009119437086709441
58 val: 0.08934901207685471 0.009117722749471603
59 val: 0.08956968635320664 0.008567791749719217
60 val: 0.0894381821155548 0.00867559323606346
61 val: 0.08952139019966125 0.008586335772655718
62 val: 0.08971439301967621 0.008766275130988654
63 val: 0.08928156644105911 0.00864817165478367
64 val: 0.0894141063094139 0.008444874648814882
65 val: 0.0895143061876297 0.008505826419431551
66 val: 0.08968662172555923 0.008726638035779543
67 val: 0.0890352487564087 0.008209942287083551
68 val: 0.089484803378582 0.008651504444078499
69 val: 0.08936257213354111 0.008795249869890297
70 val: 0.08897721618413926 0.008253583696740984
