1 val: 0.1337682291865349 0.01201453696288076
2 val: 0.12792454659938812 0.011970589884160995
3 val: 0.12493544816970825 0.012252434556031564
4 val: 0.1227921262383461 0.01286323906132407
5 val: 0.12145471572875977 0.012739019850882733
6 val: 0.12072237730026245 0.012622582882587193
7 val: 0.12066979855298995 0.012716065882448757
8 val: 0.12007936835289001 0.01231559345499561
9 val: 0.11976112723350525 0.01283853481193819
10 val: 0.11985768377780914 0.012278089112104358
11 val: 0.11927251517772675 0.01194641900961015
12 val: 0.1193548560142517 0.012335911346669264
13 val: 0.11929797232151032 0.01302409992305773
14 val: 0.11904379874467849 0.012511913932965763
15 val: 0.11896301209926605 0.012360148961012108
16 val: 0.11881083697080612 0.012181316416492394
17 val: 0.1184773787856102 0.01244429806055207
18 val: 0.11891907155513763 0.012295330036281336
19 val: 0.11890025287866593 0.012896745981234439
20 val: 0.11876145452260971 0.012339814795607702
21 val: 0.11880581974983215 0.012838036742051563
22 val: 0.11890057176351547 0.012423490955672427
23 val: 0.11866604536771774 0.01222679079971331
24 val: 0.11892836093902588 0.012224467272989795
25 val: 0.11881615519523621 0.011764232778112576
26 val: 0.11896732151508331 0.012355094858573655
27 val: 0.1185973346233368 0.012195199749937833
28 val: 0.11899785995483399 0.012439812105359641
29 val: 0.11854467689990997 0.011724721525705006
30 val: 0.11858682036399841 0.01216736758662595
31 val: 0.11885539889335632 0.012126601956084506
32 val: 0.1183804526925087 0.012074864957410263
33 val: 0.11868693381547928 0.011746844991886484
34 val: 0.11837069243192673 0.011898983809811569
35 val: 0.11879720538854599 0.012179730377840946
36 val: 0.11826929152011871 0.012245186597099948
37 val: 0.11848254352807999 0.012188702903443205
38 val: 0.11861899048089981 0.01195634098863398
39 val: 0.11845310628414155 0.011736552280150869
40 val: 0.11827261298894882 0.011919027264559515
41 val: 0.11853220015764236 0.012836155019723813
42 val: 0.11842735260725021 0.012197621731795104
43 val: 0.1184351995587349 0.012122697644385179
44 val: 0.11844700425863267 0.012073760358208833
45 val: 0.11798877865076066 0.012007166814953955
46 val: 0.11818706691265106 0.011827727082383438
47 val: 0.1183254063129425 0.01235986475461408
48 val: 0.11772763580083848 0.011962396198621324
49 val: 0.11800841093063355 0.01175993791042053
50 val: 0.11801101714372635 0.011928422979954199
