1 val: 0.10887283682823182 0.007567651317246751
2 val: 0.10866037756204605 0.007162994435096942
3 val: 0.10812275707721711 0.007236558483742275
4 val: 0.1092967838048935 0.006501680533890368
5 val: 0.1085139900445938 0.007074442783019185
6 val: 0.10933608710765838 0.008222934368061298
7 val: 0.10994254499673843 0.008984672127276277
8 val: 0.10996775776147842 0.009787481777686104
9 val: 0.11033551394939423 0.010639317116808704
10 val: 0.11015827804803849 0.012045794753563682
11 val: 0.11010418981313705 0.01275450201520653
12 val: 0.10972037762403489 0.013504684816470972
13 val: 0.10954740643501282 0.013380808291921896
14 val: 0.10979744046926498 0.01386644792691678
15 val: 0.10977836400270462 0.014329101397518038
16 val: 0.10879943370819092 0.014334942016124183
17 val: 0.10964113473892212 0.014213040197827976
18 val: 0.10930727273225785 0.014607946777049111
19 val: 0.10953228026628495 0.014127178973258131
20 val: 0.10910079628229141 0.014572656290035966
21 val: 0.10883383303880692 0.01429417345595447
22 val: 0.1084703877568245 0.013769341033342885
23 val: 0.10797492563724517 0.013569607082433531
24 val: 0.107990300655365 0.013493886115062165
25 val: 0.10790512263774872 0.013885089035461415
26 val: 0.10711853802204133 0.012784566029772876
27 val: 0.10682089924812317 0.013189024650947803
28 val: 0.10653440654277802 0.013625230102128764
29 val: 0.10668320506811142 0.013645094315138698
30 val: 0.10599033832550049 0.013536472994828736
31 val: 0.10578963607549667 0.013183600741301392
32 val: 0.10580859780311584 0.013209809510995022
33 val: 0.10561602115631104 0.013303904724796917
34 val: 0.10500939935445786 0.013450030657631543
35 val: 0.10575947761535645 0.013694274511050463
36 val: 0.10476240217685699 0.013665323983686885
37 val: 0.10474792271852493 0.013408971626912704
38 val: 0.1050257220864296 0.013809038557344841
39 val: 0.1053621843457222 0.013464208092373649
40 val: 0.10454131960868836 0.013273063107068491
41 val: 0.10486893206834794 0.013694259377913777
42 val: 0.10409673452377319 0.013515570228154864
43 val: 0.1049626961350441 0.013105461682278134
44 val: 0.10453033298254014 0.013629253111147188
45 val: 0.1039031520485878 0.013233364601254119
46 val: 0.10459956526756287 0.013651259327163144
47 val: 0.10402964204549789 0.013103515549891922
48 val: 0.10397182703018189 0.01321108090409282
49 val: 0.10458065569400787 0.012882247826537366
50 val: 0.1039130449295044 0.012565772042528624
51 val: 0.10430241078138351 0.013374020377995123
52 val: 0.10400934368371964 0.013576026904740917
53 val: 0.10396692901849747 0.013115596203012496
54 val: 0.10387548953294753 0.012692036180009272
55 val: 0.1038618803024292 0.013270613207709718
56 val: 0.10365205258131027 0.013259513769508567
57 val: 0.10351643562316895 0.013528032455400138
58 val: 0.10345883816480636 0.013441447390770297
59 val: 0.10354802161455154 0.012500924076136375
60 val: 0.1035442367196083 0.012851079046896877
61 val: 0.10352733731269836 0.012514034665372889
62 val: 0.10403381884098054 0.012961244948181854
63 val: 0.1039623886346817 0.013128303103746762
64 val: 0.10303940623998642 0.013149737098778294
65 val: 0.1036515086889267 0.013047267968134485
66 val: 0.10338236391544342 0.012300052979059504
67 val: 0.10346143245697022 0.012532834451832111
68 val: 0.10297216773033142 0.012088454419283549
69 val: 0.1037057876586914 0.012809397114596818
70 val: 0.1031477466225624 0.012852176388598195
