1 val: 0.13325617015361785 0.012045812307625078
2 val: 0.1323203518986702 0.011466682315881927
3 val: 0.13220157474279404 0.011685895460576167
4 val: 0.13141402155160903 0.011925249483079426
5 val: 0.13073592334985734 0.01223464236583785
6 val: 0.13065130561590194 0.012023812319673552
7 val: 0.1303362101316452 0.012080664135720537
8 val: 0.1303352952003479 0.012742735363676603
9 val: 0.13023270815610885 0.012599123128301947
10 val: 0.12981557548046113 0.012702657330819628
11 val: 0.1300771102309227 0.0138759723914242
12 val: 0.12955679148435592 0.012580585595008032
13 val: 0.12965787202119827 0.013107409228335625
14 val: 0.12947608381509781 0.012914542151824148
15 val: 0.12986156791448594 0.01254072633914945
16 val: 0.1289699912071228 0.012300158747630427
17 val: 0.12901831269264222 0.012156500086442153
18 val: 0.12947765737771988 0.012880670100912931
19 val: 0.12986001074314119 0.011811311960030811
20 val: 0.12896174043416977 0.012290581465283322
21 val: 0.1293621003627777 0.0128191862529812
22 val: 0.12962884306907654 0.012330513335404603
23 val: 0.12954822331666946 0.01249576905071379
24 val: 0.12976277619600296 0.01251960716787039
25 val: 0.12967265844345094 0.012220628665790566
26 val: 0.13003225326538087 0.011705482252541036
27 val: 0.12911413013935089 0.012461043202726455
28 val: 0.12966158837080002 0.012153183373497774
29 val: 0.1291462793946266 0.012232653763559866
30 val: 0.12948313504457473 0.01261177675575294
31 val: 0.1295628920197487 0.0126330753749988
32 val: 0.1299925222992897 0.012054803635811373
33 val: 0.1290823206305504 0.011766380872779671
34 val: 0.12932820618152618 0.012352363733840483
35 val: 0.12969047129154204 0.012237960793420023
36 val: 0.1295197546482086 0.011905039936658753
37 val: 0.12936750948429107 0.012336577919455338
38 val: 0.12983017712831496 0.012233523393822731
39 val: 0.13013443499803543 0.011441621459894828
40 val: 0.130454982817173 0.01184743683378695
41 val: 0.1290744811296463 0.012817207521149678
42 val: 0.1299721747636795 0.011505892076577717
43 val: 0.12966163605451583 0.012214641173605963
44 val: 0.12967710793018342 0.012418889720232683
45 val: 0.13001080155372619 0.011867046933205443
46 val: 0.12985859811306 0.012162084428697373
47 val: 0.13023212552070618 0.012031550378989892
48 val: 0.13027308881282806 0.011672076983457902
49 val: 0.1304069295525551 0.011957263436551614
50 val: 0.13027126491069793 0.012143970223167695
