1 val: 0.09067876636981964 0.009586554120156972
2 val: 0.08917214721441269 0.010043257572701154
3 val: 0.08902759850025177 0.010378062770120869
4 val: 0.08932804763317108 0.010791202229508415
5 val: 0.08889372199773789 0.010954744580049223
6 val: 0.08723503202199936 0.011083022456168101
7 val: 0.08554251790046692 0.010215033529061337
8 val: 0.08402518630027771 0.009422335162071712
9 val: 0.08267385959625244 0.00912011078828258
10 val: 0.08181503117084503 0.009427532105648256
11 val: 0.08132675141096116 0.009695875172227947
12 val: 0.08088086843490601 0.009201245365666183
13 val: 0.08029381930828094 0.009659403388023282
14 val: 0.07962942868471146 0.009601157916877105
15 val: 0.07935722172260284 0.009856058803681242
16 val: 0.0787612408399582 0.009287603857514724
17 val: 0.07842453271150589 0.009605795324643139
18 val: 0.07822356969118119 0.00956264117297379
19 val: 0.07841750532388687 0.00955976168595346
20 val: 0.07790506035089492 0.009548634600769889
21 val: 0.07794892936944961 0.009654224285104228
22 val: 0.07763192504644394 0.009803797438988104
23 val: 0.07733429670333862 0.00949858479218233
24 val: 0.07737710773944854 0.009969936469923127
25 val: 0.07750919461250305 0.009891342598738785
26 val: 0.07734246253967285 0.009466061975373207
27 val: 0.07721282541751862 0.009636945776463185
28 val: 0.07681269645690918 0.009699525242120324
29 val: 0.07674371004104615 0.009538720635881735
30 val: 0.07687459588050842 0.00973328699710221
31 val: 0.07663747221231461 0.009494241123797298
32 val: 0.07667406648397446 0.009610898237610426
33 val: 0.07660995423793793 0.009322713409329539
34 val: 0.07639308571815491 0.009344408321806576
35 val: 0.07635360509157181 0.009326195121355138
36 val: 0.07616634964942932 0.009520043432204793
37 val: 0.07641377449035644 0.009577184815679233
38 val: 0.07628996670246124 0.009346578699210946
39 val: 0.07655402719974518 0.009472574396515679
40 val: 0.07603159844875336 0.009489904919310236
41 val: 0.07594091892242431 0.009443752752518823
42 val: 0.07608052790164947 0.009310398392054253
43 val: 0.07623631358146668 0.009473608931283392
44 val: 0.07583842724561692 0.009434074345768756
45 val: 0.07588158994913101 0.00976444861461797
46 val: 0.07598823755979538 0.009493341885481088
47 val: 0.07567509859800339 0.009531916054592745
48 val: 0.07576043903827667 0.00976363318297571
49 val: 0.07559125572443008 0.009527703678676148
50 val: 0.07535055428743362 0.009660377428628348
51 val: 0.0753443866968155 0.009586152915465277
52 val: 0.07548832446336746 0.00969261998473751
53 val: 0.07540297210216522 0.009636447023280105
54 val: 0.07558858543634414 0.009604068416404692
55 val: 0.07560099363327026 0.00955235002600001
56 val: 0.07544283121824265 0.009592202385756723
57 val: 0.07522152066230774 0.00929599531909663
58 val: 0.07520920932292938 0.009695612739477794
59 val: 0.07535127103328705 0.00964663840889536
60 val: 0.07518337666988373 0.00959523458196846
61 val: 0.07518758624792099 0.009435792827873773
62 val: 0.07517833560705185 0.009595151691303176
63 val: 0.07494947016239166 0.009278211489243467
64 val: 0.07511661946773529 0.009473160093194422
65 val: 0.0749672919511795 0.009846335363460544
66 val: 0.07530376017093658 0.009568973109074203
67 val: 0.07515594363212585 0.009358126880600313
68 val: 0.07501030415296554 0.009624574955153013
69 val: 0.07504913359880447 0.009360243928535994
70 val: 0.07510546296834945 0.009319867439198777
