1 val: 0.09367755651474 0.009277878987171131
2 val: 0.09224415421485901 0.009043977881584621
3 val: 0.09181748926639557 0.00910897437621054
4 val: 0.09107560217380524 0.010634700948502164
5 val: 0.09100880622863769 0.011944395155290926
6 val: 0.08890669792890549 0.012900335480892913
7 val: 0.08623223006725311 0.012742376455418418
8 val: 0.0836236223578453 0.012440109077040445
9 val: 0.08196083307266236 0.011485517613469453
10 val: 0.08002648651599883 0.011283710187697249
11 val: 0.07881383895874024 0.010696822622795919
12 val: 0.07768185287714005 0.010600593293693217
13 val: 0.07652376741170883 0.010563287289443815
14 val: 0.07557096481323242 0.010696361087901781
15 val: 0.07527151256799698 0.010648757802242633
16 val: 0.07477606534957885 0.010374548422805512
17 val: 0.07395682483911514 0.010511029535432564
18 val: 0.07357877343893052 0.010268870606875142
19 val: 0.07319300174713135 0.010029398288200398
20 val: 0.07253982871770859 0.010202621324970415
21 val: 0.07221488952636719 0.01025800052382435
22 val: 0.07194979637861251 0.010266593299937194
23 val: 0.07177979946136474 0.010235227277668036
24 val: 0.0715433344244957 0.010256258468785258
25 val: 0.0712534099817276 0.01046169422717312
26 val: 0.07130638659000396 0.01044403442172632
27 val: 0.07100126743316651 0.010209204994468358
28 val: 0.07064909338951111 0.010520336811871516
29 val: 0.07046769857406616 0.010145251826508637
30 val: 0.07032407373189926 0.010194316629409648
31 val: 0.07020783424377441 0.01021889261104636
32 val: 0.07030251771211624 0.01031278456142514
33 val: 0.06997546702623367 0.010340848135070864
34 val: 0.06975395753979682 0.010147677603768729
35 val: 0.0697188399732113 0.010030389046957076
36 val: 0.06967918872833252 0.0100474365814241
37 val: 0.06954143345355987 0.010272291317969449
38 val: 0.06929618865251541 0.010273085298140413
39 val: 0.06950171887874604 0.010259815557511704
40 val: 0.06937675103545189 0.010264303638504415
41 val: 0.06919806972146034 0.010486182234218485
42 val: 0.06902608498930932 0.010260621018024638
43 val: 0.06902390420436859 0.010030042173504327
44 val: 0.06880033239722252 0.0102300363694979
45 val: 0.06871056258678436 0.010168525501046797
46 val: 0.06886421069502831 0.010382067024622585
47 val: 0.06879491657018662 0.01059058058515184
48 val: 0.06885672062635421 0.01021769835907701
49 val: 0.06855593919754029 0.01029680010252042
50 val: 0.068372543156147 0.010191302443640774
51 val: 0.06847891211509705 0.010233526196521119
52 val: 0.06816435679793358 0.010230210598991296
53 val: 0.06837844103574753 0.010142102632873422
54 val: 0.06823694631457329 0.010576792477819752
55 val: 0.06811250895261764 0.010057428679475785
56 val: 0.06829723492264747 0.010529121543771253
57 val: 0.0682879626750946 0.010318466016767539
58 val: 0.06823192238807678 0.010303962435827818
59 val: 0.06778112202882766 0.0101806641760569
60 val: 0.06798005625605583 0.010380728732333143
61 val: 0.06785616204142571 0.010090395103650092
62 val: 0.06795779019594192 0.01038757383505625
63 val: 0.06779632940888405 0.010256239000252203
64 val: 0.06769289672374726 0.010101403819913124
65 val: 0.06767018809914589 0.0103982148853916
66 val: 0.06782153621315956 0.010208184581862685
67 val: 0.06758738234639168 0.010033825587116886
68 val: 0.06747241914272309 0.01021029562329452
69 val: 0.06748971939086915 0.010003147552188202
70 val: 0.067766822129488 0.010309055833120249
