1 val: 0.1364558905363083 0.006798304869961189
2 val: 0.1347790002822876 0.01037023717979659
3 val: 0.13509203642606735 0.00865734125066193
4 val: 0.13425721675157548 0.010094529432400034
5 val: 0.13119665533304214 0.012694700875447348
6 val: 0.1298852577805519 0.01447122434330071
7 val: 0.12980856895446777 0.014589999335070252
8 val: 0.12645873576402664 0.015653906687783135
9 val: 0.12647508531808854 0.016348920546596122
10 val: 0.1267403319478035 0.016097878908618926
11 val: 0.1262800395488739 0.01661144045565469
12 val: 0.12606802731752395 0.017595005400456127
13 val: 0.12362392097711564 0.018108790668714337
14 val: 0.12368242144584655 0.018819729437991484
15 val: 0.12137504070997238 0.019853869040725537
16 val: 0.12272807806730271 0.018930795182950034
17 val: 0.12190723717212677 0.01999831096910787
18 val: 0.11780109852552414 0.018257857447402416
19 val: 0.12022912502288818 0.019266634085516213
20 val: 0.11710613965988159 0.017926848213028607
21 val: 0.11468933373689652 0.017977137972322015
22 val: 0.11298267543315887 0.014590485942415538
23 val: 0.1128908634185791 0.013377032511121175
24 val: 0.11189176142215729 0.012925644025079596
25 val: 0.11062768399715424 0.013524311106482024
26 val: 0.11106981188058854 0.01287274484925734
27 val: 0.10893133133649827 0.013228109065063607
28 val: 0.10936081856489181 0.012130877675513678
29 val: 0.10768082737922668 0.01305951004542331
30 val: 0.10773568749427795 0.013153043340267973
31 val: 0.10672136992216111 0.013394078915918945
32 val: 0.1057323843240738 0.012266343492969298
33 val: 0.10499672293663025 0.013632350859324054
34 val: 0.10458156615495681 0.013618304281625289
35 val: 0.10510331839323044 0.013316227931804047
36 val: 0.10426739156246186 0.013466488227483498
37 val: 0.10312381237745286 0.012488950722506331
38 val: 0.10222763866186142 0.012344979460537229
39 val: 0.1024350330233574 0.01345078738575188
40 val: 0.10326597541570663 0.012795048039948877
41 val: 0.10170058608055114 0.013461107321644765
42 val: 0.10139086842536926 0.013323150880807388
43 val: 0.10116321742534637 0.011677304872310959
44 val: 0.10112515240907669 0.013365913805848905
45 val: 0.10039287060499191 0.01272498489711697
46 val: 0.1007014811038971 0.012096315418880179
47 val: 0.10124458223581315 0.012709938996158044
48 val: 0.10091442763805389 0.013123183452524594
49 val: 0.10065540224313736 0.011236980488301629
50 val: 0.09918436557054519 0.012157943095730534
51 val: 0.09911962449550629 0.012574201471156763
52 val: 0.09959350526332855 0.011746445590550861
53 val: 0.10006971508264542 0.012987127028994244
54 val: 0.09959886223077774 0.011671454350648074
55 val: 0.09924043416976928 0.011515773234963542
56 val: 0.09857685714960099 0.012336948674460946
57 val: 0.09896743446588516 0.013381469426949583
58 val: 0.09876183122396469 0.012049405669300857
59 val: 0.09896275401115417 0.011996967922004552
60 val: 0.09886450916528702 0.011343169594753106
61 val: 0.09719006270170212 0.012449811059583211
62 val: 0.09873914420604706 0.012268543059113277
63 val: 0.09797773957252502 0.012262093064467594
64 val: 0.09792224317789078 0.01198123894111231
65 val: 0.09750254899263382 0.011869187861398118
66 val: 0.09794477522373199 0.012278146689900122
67 val: 0.09832223206758499 0.011319847207813954
68 val: 0.09692104756832123 0.01144167726927547
69 val: 0.09695629328489304 0.011404560420645436
70 val: 0.09742551296949387 0.011520388045339853
