1 val: 0.13467981964349746 0.011395781697910808
2 val: 0.1286360129714012 0.011970427100171517
3 val: 0.12672411054372787 0.011568599668078324
4 val: 0.12421674281358719 0.012403031324004735
5 val: 0.1228569969534874 0.01220778977916011
6 val: 0.12187382727861404 0.012206295286092265
7 val: 0.12172591984272003 0.01190836764339471
8 val: 0.12152000218629837 0.011932131905033302
9 val: 0.12114585936069489 0.011964810007342687
10 val: 0.12149658501148224 0.01293827951180525
11 val: 0.12130654752254486 0.011886151475633292
12 val: 0.12078746408224106 0.012601104818085235
13 val: 0.12115721255540848 0.012551757070890278
14 val: 0.12141393721103669 0.012948657309825244
15 val: 0.12107883840799331 0.01228721454667358
16 val: 0.12075902074575424 0.012218801457329419
17 val: 0.1210817664861679 0.01253861281160662
18 val: 0.12068991661071778 0.012420218902032454
19 val: 0.1204660028219223 0.012535048609996057
20 val: 0.1207193300127983 0.012514431468279111
21 val: 0.12054671943187714 0.013337579640535677
22 val: 0.12038196623325348 0.012527928567853475
23 val: 0.12020416259765625 0.013197557511148317
24 val: 0.12049300074577332 0.013132078814529557
25 val: 0.12016121745109558 0.012672032964658657
26 val: 0.1203701987862587 0.012756301541193631
27 val: 0.11991487890481949 0.012878133695758487
28 val: 0.11985362321138382 0.012942711816833272
29 val: 0.12025965303182602 0.012743800285496631
30 val: 0.11973595917224884 0.012664658570818055
31 val: 0.12014773786067963 0.013129872130273341
32 val: 0.11944395303726196 0.012046871226225673
33 val: 0.1196717694401741 0.012914001908028836
34 val: 0.12022918462753296 0.013120416530285178
35 val: 0.11958242207765579 0.012787629181808327
36 val: 0.12004637569189072 0.01249210455574682
37 val: 0.11951871812343598 0.01242373236574294
38 val: 0.1198025494813919 0.012333840669529191
39 val: 0.12005973905324936 0.01223475327087034
40 val: 0.11980159431695939 0.011800878181672084
41 val: 0.11922688037157059 0.012463425891849246
42 val: 0.11889451146125793 0.011778850024545756
43 val: 0.11920661479234695 0.012347843193042187
44 val: 0.11916919648647309 0.01185694661653679
45 val: 0.11876809000968933 0.012110433754545067
46 val: 0.11908949315547943 0.012088097516013908
47 val: 0.11881267577409745 0.012021925398538124
48 val: 0.11887250393629074 0.011594929103030746
49 val: 0.11905850917100906 0.012035501861578094
50 val: 0.11940948069095611 0.011920716673698997
