1 val: 0.09233259111642837 0.008709735509785634
2 val: 0.09091885387897491 0.009049223638352226
3 val: 0.09054508358240128 0.009142064738562411
4 val: 0.09050455689430237 0.009365409659178647
5 val: 0.08986772149801255 0.009371762033237677
6 val: 0.08909047544002532 0.01010425452421984
7 val: 0.08732592016458511 0.009871913594834223
8 val: 0.08593662083148956 0.009287084696458543
9 val: 0.08536044955253601 0.008815226998649582
10 val: 0.08422186076641083 0.009157756030327162
11 val: 0.08408532589673996 0.00931656214774746
12 val: 0.08326009213924408 0.009621998282180551
13 val: 0.08259129226207733 0.009660780264289154
14 val: 0.08190733641386032 0.00906915461983424
15 val: 0.08152670711278916 0.008917305818286723
16 val: 0.08108051121234894 0.009380906690706322
17 val: 0.08067871928215027 0.009436305516858081
18 val: 0.08019412010908127 0.009511158680517575
19 val: 0.08016778975725174 0.009410645197966364
20 val: 0.0797296330332756 0.009225356234139259
21 val: 0.07941014170646668 0.009618925904463308
22 val: 0.07891999632120132 0.009268031043698256
23 val: 0.07894857525825501 0.009117358537596213
24 val: 0.07880582958459854 0.009613113768025486
25 val: 0.07880678176879882 0.009385577122818877
26 val: 0.07851526439189911 0.009550838096366176
27 val: 0.07834845930337905 0.009271480509137448
28 val: 0.07814212888479233 0.009423344784403534
29 val: 0.07811706066131592 0.0093636273561766
30 val: 0.07806147634983063 0.009398746526919773
31 val: 0.07786457091569901 0.00929934450122706
32 val: 0.07761038988828659 0.009476396923449613
33 val: 0.07767452001571655 0.009422098367948023
34 val: 0.0777586743235588 0.009539087738882783
35 val: 0.07734330594539643 0.009366292762096768
36 val: 0.07754153460264206 0.009233007860244032
37 val: 0.07754045724868774 0.009552304982814409
38 val: 0.07743091136217117 0.009620829416444052
39 val: 0.07735270857810975 0.009585107352794704
40 val: 0.07734147906303405 0.009436488762123113
41 val: 0.07718330025672912 0.009458328078485522
42 val: 0.07699983716011047 0.009757246221468945
43 val: 0.07697427868843079 0.009301019886366516
44 val: 0.07670057117938996 0.009509774018640095
45 val: 0.07701223641633988 0.009496283474826428
46 val: 0.0768870934844017 0.009429014846519463
47 val: 0.07678267061710357 0.009361649647084903
48 val: 0.07676065862178802 0.009305550622356128
49 val: 0.07701753228902816 0.009863428770235716
50 val: 0.07657266408205032 0.009484846618402128
51 val: 0.07671690136194229 0.009661259999006928
52 val: 0.07646649032831192 0.009618113723821965
53 val: 0.07655558288097382 0.009510979577957096
54 val: 0.07646270543336868 0.009359671984533963
55 val: 0.07653743773698807 0.009752951467611742
56 val: 0.07662302404642105 0.009468721080211089
57 val: 0.07669127434492111 0.009580954518087666
58 val: 0.07633552551269532 0.009906630658268542
59 val: 0.07643538266420365 0.009484607705783698
60 val: 0.07634631544351578 0.009758141450856763
61 val: 0.07631518691778183 0.009619855250507377
62 val: 0.07645246237516404 0.009735388279611505
63 val: 0.07641525268554687 0.009543827301404023
64 val: 0.07645340859889985 0.009926026391357336
65 val: 0.07611398100852966 0.009736214551361835
66 val: 0.07627825587987899 0.009594379090436644
67 val: 0.076186802983284 0.009608018574331823
68 val: 0.07631863951683045 0.009835791914505013
69 val: 0.07595758736133576 0.009826157840499557
70 val: 0.07602255642414094 0.009839700405256458
