1 val: 0.13317426145076752 0.012874618479952986
2 val: 0.1311678856611252 0.010670274291813112
3 val: 0.12871138304471968 0.011265813611975496
4 val: 0.12845178246498107 0.011381780366545977
5 val: 0.12857626229524613 0.011712627286151632
6 val: 0.12833126187324523 0.011362293370048085
7 val: 0.12842147052288055 0.010854839296632538
8 val: 0.12873322069644927 0.011899715374594779
9 val: 0.12810086011886596 0.011753840879856686
10 val: 0.12832504361867905 0.012328536742873469
11 val: 0.12838273644447326 0.0119946412463381
12 val: 0.12841527611017228 0.012756656209028557
13 val: 0.12839681208133696 0.012562766473675246
14 val: 0.12734198570251465 0.012265852719217088
15 val: 0.12746398895978928 0.012316856968283284
16 val: 0.12698786705732346 0.012535768103345155
17 val: 0.1261943057179451 0.012603665516080777
18 val: 0.12628704756498338 0.01257491475031203
19 val: 0.12638591527938842 0.012332965462908416
20 val: 0.12604860514402388 0.012170089670578853
21 val: 0.12616206854581832 0.01237107605300524
22 val: 0.12624844610691072 0.01264027627183197
23 val: 0.12610827684402465 0.012281647294243535
24 val: 0.12659150809049607 0.013116734891023414
25 val: 0.1253204882144928 0.011712696389636736
26 val: 0.12592432051897048 0.012103217989854346
27 val: 0.1262373372912407 0.01227046433969931
28 val: 0.12617549151182175 0.011766308326936877
29 val: 0.12566559314727782 0.011336655065807874
30 val: 0.12604072988033294 0.01211632102826689
31 val: 0.12590034008026124 0.011747531977757946
32 val: 0.12562230378389358 0.012166944257652568
33 val: 0.12596881836652757 0.011367251451162536
34 val: 0.12537270188331603 0.011745329782924295
35 val: 0.1258728414773941 0.011890938156224329
36 val: 0.125559438765049 0.010750813730988039
37 val: 0.12571268677711486 0.01127436854039293
38 val: 0.12568121552467346 0.011780115608930724
39 val: 0.12526380121707917 0.01168992504939654
40 val: 0.1259159818291664 0.011484194659166185
41 val: 0.1252955377101898 0.01186632880225173
42 val: 0.12480123788118362 0.011903653985163874
43 val: 0.12531097382307052 0.012062899812598204
44 val: 0.1252970889210701 0.011387656662403083
45 val: 0.12544707208871841 0.011619610221585405
46 val: 0.12454690933227539 0.012043578429886556
47 val: 0.12478759735822678 0.011726690210733375
48 val: 0.12474520206451416 0.011633207422391286
49 val: 0.12521836757659913 0.011931083524564578
50 val: 0.12522474825382232 0.01161227825112783
