1 val: 0.1348213642835617 0.010797280480818676
2 val: 0.1287273496389389 0.011131781822389294
3 val: 0.1263353183865547 0.012142437028949623
4 val: 0.12384724467992783 0.012555102949382025
5 val: 0.12286684960126877 0.012370989560401892
6 val: 0.12168287038803101 0.012748848073505079
7 val: 0.1212646260857582 0.012590444474819655
8 val: 0.12068843990564346 0.012319669636290817
9 val: 0.12064330577850342 0.012181043684808886
10 val: 0.12045919597148895 0.012414275245222942
11 val: 0.1205313503742218 0.012173765754466175
12 val: 0.12036360949277877 0.01237791607330072
13 val: 0.12036966234445572 0.012415136370484078
14 val: 0.12096507102251053 0.012370280067564927
15 val: 0.12066673338413239 0.01204967693206505
16 val: 0.12059984356164932 0.01182605014872195
17 val: 0.12032335102558137 0.012527142955008194
18 val: 0.12072445303201676 0.012273168717660916
19 val: 0.12054083198308944 0.011791407514792749
20 val: 0.12080990374088288 0.012226287303908016
21 val: 0.12048149853944778 0.012862781928810864
22 val: 0.12044696360826493 0.011716829760389055
23 val: 0.12050268799066544 0.012270281881223831
24 val: 0.12059035450220108 0.011784235554385566
25 val: 0.12058125436306 0.01186963186784773
26 val: 0.12049320936203003 0.01199792926091116
27 val: 0.12026184201240539 0.01229415523999283
28 val: 0.1207415521144867 0.012183323492680023
29 val: 0.12059382498264312 0.013131041322472585
30 val: 0.12027546018362045 0.011967826034432286
31 val: 0.12046502977609634 0.012068708805657568
32 val: 0.12008568495512009 0.011902434971144104
33 val: 0.12024876922369003 0.012271486379018808
34 val: 0.12051964402198792 0.01196287395435583
35 val: 0.11988228857517243 0.011751457061225531
36 val: 0.12019172310829163 0.012270976987088981
37 val: 0.11993083953857422 0.011802491169350435
38 val: 0.120161272585392 0.012102667038991122
39 val: 0.12001268565654755 0.012439405721368774
40 val: 0.11987867355346679 0.012231310404239717
41 val: 0.11890287697315216 0.01215597623046226
42 val: 0.11917674988508224 0.012174497704985564
43 val: 0.11970002502202988 0.012229160840694163
44 val: 0.11920758187770844 0.01187201829146723
45 val: 0.11929963380098343 0.011351656600499433
46 val: 0.11909382045269012 0.012350017474527297
47 val: 0.11946069598197936 0.012157812689196575
48 val: 0.11890755444765091 0.011724906955108472
49 val: 0.11852084398269654 0.011598215355192152
50 val: 0.11913949400186538 0.011686766690930836
