1 val: 0.09713977575302124 0.007850272549475129
2 val: 0.0961009755730629 0.007856762895790213
3 val: 0.09517565071582794 0.00811743971872526
4 val: 0.09497465789318085 0.008118143215708844
5 val: 0.09501299262046814 0.007950473208387463
6 val: 0.09576532691717148 0.009649909576127722
7 val: 0.09547587037086487 0.009181139971718088
8 val: 0.0952914834022522 0.009802576119132583
9 val: 0.09490637183189392 0.009849394860565455
10 val: 0.09479597806930543 0.010305618781221153
11 val: 0.09356449991464615 0.010210566701942108
12 val: 0.09277392029762269 0.010459506350721542
13 val: 0.09150049537420273 0.010697350721076634
14 val: 0.09092584699392318 0.010125928630221817
15 val: 0.08986685425043106 0.010255782836637604
16 val: 0.08930336385965347 0.010461549407688245
17 val: 0.08886508941650391 0.010173778301103718
18 val: 0.08755759745836258 0.010383278087955368
19 val: 0.087730672955513 0.010234431943540281
20 val: 0.08672065883874894 0.010170257614580843
21 val: 0.08594473898410797 0.01023121885695281
22 val: 0.08519023656845093 0.010186056378192622
23 val: 0.0853120356798172 0.009994415942601814
24 val: 0.08460683673620224 0.009987640585213238
25 val: 0.08433018177747727 0.010181376970573135
26 val: 0.08413993716239929 0.009971524280371282
27 val: 0.0835839942097664 0.01018254008351223
28 val: 0.08332861959934235 0.009996052317342404
29 val: 0.08316211849451065 0.010065369910043427
30 val: 0.0831014171242714 0.00988572214041876
31 val: 0.08287208378314972 0.009666051735791378
32 val: 0.08275914192199707 0.009922953856300392
33 val: 0.08236330449581146 0.01005914606049905
34 val: 0.08259473145008087 0.010095860076096334
35 val: 0.08206141740083694 0.010270637379951509
36 val: 0.08168226033449173 0.009837659926043987
37 val: 0.08192548453807831 0.009952503985645402
38 val: 0.08178751021623612 0.00971990670362502
39 val: 0.08159600049257279 0.00981780218825128
40 val: 0.08147194832563401 0.009800581854439043
41 val: 0.08152751177549362 0.010134968017962905
42 val: 0.08107680976390838 0.009872543330885959
43 val: 0.0813689798116684 0.009596304108151254
44 val: 0.08104726523160935 0.009829133072212804
45 val: 0.0809796243906021 0.010089669812323733
46 val: 0.08103598058223724 0.009836964572741256
47 val: 0.08093243390321732 0.009719637368056578
48 val: 0.08082977831363677 0.009751554704679375
49 val: 0.08115622848272323 0.009640103312737186
50 val: 0.08069515824317933 0.009462064627250652
51 val: 0.08055951744318009 0.009977746113182898
52 val: 0.08042864352464676 0.009649219844840018
53 val: 0.08063441216945648 0.009773265096918882
54 val: 0.08029939532279969 0.009714179231768578
55 val: 0.08048575967550278 0.009681490876204051
56 val: 0.08081232160329818 0.00958163746627353
57 val: 0.08018126636743546 0.009453491761147143
58 val: 0.07982156127691269 0.009827132897079012
59 val: 0.08026912063360214 0.009468898610764649
60 val: 0.08020477145910263 0.00966999451858053
61 val: 0.07991934418678284 0.009762731237042249
62 val: 0.07985161095857621 0.009895141876932507
63 val: 0.08006095737218857 0.009612716469302132
64 val: 0.08009830862283707 0.00986032407465998
65 val: 0.08021335303783417 0.009713482352438591
66 val: 0.07996750175952912 0.009866168865637135
67 val: 0.07995251566171646 0.010004193830580559
68 val: 0.07972199767827988 0.009359355965416101
69 val: 0.07992156594991684 0.00956530713951872
70 val: 0.07990199029445648 0.009590818482935831
