1 val: 0.13493703603744506 0.011345816235918746
2 val: 0.1325404241681099 0.011516227618141842
3 val: 0.13159209489822388 0.011506789551667387
4 val: 0.131215637922287 0.011721220516375057
5 val: 0.13052989095449447 0.012064656544883224
6 val: 0.13054468035697936 0.011533010659173688
7 val: 0.13105955421924592 0.010924020522467163
8 val: 0.13090722262859344 0.011934191322574372
9 val: 0.13055723160505295 0.01107972157548694
10 val: 0.129993836581707 0.0118393840448628
11 val: 0.1304517939686775 0.011908939956253264
12 val: 0.1302044153213501 0.01192669839972415
13 val: 0.13028889298439025 0.011826489396109174
14 val: 0.12989851832389832 0.012260044267477089
15 val: 0.13012301921844482 0.012351786541842054
16 val: 0.12905187755823136 0.01185653161648524
17 val: 0.12949488162994385 0.01221051771266749
18 val: 0.12971840798854828 0.012349143716245983
19 val: 0.12987474948167801 0.011857331487118936
20 val: 0.12968290150165557 0.01203552625333879
21 val: 0.12973537147045136 0.012105691783220936
22 val: 0.12968495786190032 0.011982190738411983
23 val: 0.1298736497759819 0.011550336067178084
24 val: 0.1298113062977791 0.012364908791984439
25 val: 0.12964978218078613 0.011663253857510594
26 val: 0.1302223101258278 0.011395058173863744
27 val: 0.12946905940771103 0.011803722697963323
28 val: 0.1296190068125725 0.011625566442329819
29 val: 0.12962793409824372 0.012644803092767474
30 val: 0.13005470782518386 0.010851094158122512
31 val: 0.12982623428106307 0.011580577569135645
32 val: 0.13047180622816085 0.011445098481640046
33 val: 0.1299912840127945 0.010717615641927922
34 val: 0.1296265348792076 0.012063813799993548
35 val: 0.12984478622674941 0.011953083947009512
36 val: 0.1301761597394943 0.01134435751538721
37 val: 0.12976180911064147 0.012271532912547463
38 val: 0.12992672324180604 0.011435778359691885
39 val: 0.1298233836889267 0.01076231885428595
40 val: 0.1297468662261963 0.011175060260447404
41 val: 0.12882978171110154 0.01247719507662707
42 val: 0.12911685556173325 0.011196040588634671
43 val: 0.12939312756061555 0.011165581797249033
44 val: 0.12954304814338685 0.01135158886619545
45 val: 0.12893571257591246 0.011201304054906788
46 val: 0.129122819006443 0.010932552994586283
47 val: 0.12888061255216599 0.010684634540351989
48 val: 0.12840870916843414 0.011195731493467819
49 val: 0.12914642840623855 0.01063529261976034
50 val: 0.12867598235607147 0.011025704758117405
