1 val: 0.0901999220252037 0.00875290841712703
2 val: 0.08968954831361771 0.008868152190163483
3 val: 0.08828614205121994 0.009409619459059843
4 val: 0.08725066184997558 0.008876310077235203
5 val: 0.08678884506225586 0.008842070361371895
6 val: 0.0857376977801323 0.009540162153016573
7 val: 0.08393518924713135 0.009614616439645127
8 val: 0.0825576826930046 0.009175426618449493
9 val: 0.08094899654388428 0.00981633065393533
10 val: 0.07976666241884231 0.00985058431582026
11 val: 0.0794616088271141 0.009539182298685306
12 val: 0.07905574142932892 0.00936165062181935
13 val: 0.07825216948986054 0.009338675519172775
14 val: 0.07809993028640747 0.009018761002938153
15 val: 0.07790206521749496 0.009188450513720569
16 val: 0.07779011279344558 0.009096416786524645
17 val: 0.0775585189461708 0.009481185620613578
18 val: 0.07715119421482086 0.009282369323688372
19 val: 0.07721294462680817 0.009453840704040685
20 val: 0.07673375457525253 0.009596813928743002
21 val: 0.07636968046426773 0.00948006290029057
22 val: 0.07659176141023635 0.009407490882546762
23 val: 0.07647140920162201 0.009549098069578564
24 val: 0.07638471275568008 0.009426862588494135
25 val: 0.07617007791996003 0.009541731491164203
26 val: 0.07610796242952347 0.009441537004474148
27 val: 0.07598864734172821 0.009441278965465273
28 val: 0.0756233125925064 0.009522362424105044
29 val: 0.07594602555036545 0.009487073841296793
30 val: 0.0757353276014328 0.009652834941122682
31 val: 0.07564778476953507 0.009221525698670258
32 val: 0.07568105459213256 0.009384616578508994
33 val: 0.0754753053188324 0.00948782698402736
34 val: 0.0756111592054367 0.00957401093493297
35 val: 0.07542149424552917 0.009756730774285684
36 val: 0.07534797638654708 0.009543629995805313
37 val: 0.07538633942604064 0.009336929474066948
38 val: 0.0754373624920845 0.009801435309408038
39 val: 0.07526924461126328 0.009792025540584256
40 val: 0.07523234486579895 0.009548761497080446
41 val: 0.07518017888069153 0.010009581937773663
42 val: 0.07511232197284698 0.009487061881321958
43 val: 0.0752295047044754 0.009813598760243847
44 val: 0.07511263340711594 0.009558335230883305
45 val: 0.07489868849515915 0.009813277218882366
46 val: 0.07484173327684403 0.009679675555751117
47 val: 0.0748966544866562 0.009752188492585474
48 val: 0.07492410242557526 0.00942042693961802
49 val: 0.07511857599020004 0.009650283918459925
50 val: 0.07502300590276718 0.009753667190996218
51 val: 0.0749799445271492 0.009841982475732614
52 val: 0.07495406568050385 0.009897300030060821
53 val: 0.07456073760986329 0.009604213922019964
54 val: 0.07482272982597352 0.009838644710305084
55 val: 0.07496643662452698 0.009913242445406027
56 val: 0.07466458231210708 0.009842178068632187
57 val: 0.07473613768815994 0.009905339152711667
58 val: 0.074554243683815 0.009774215213510847
59 val: 0.07462162971496582 0.009724659557427505
60 val: 0.0745178833603859 0.009861037568756639
61 val: 0.07474307119846343 0.009769391779630855
62 val: 0.0746415138244629 0.009943861545177296
63 val: 0.07445431500673294 0.009698280314745397
64 val: 0.07458286434412002 0.01028736370715759
65 val: 0.07471352517604828 0.010204991057456588
66 val: 0.07463163882493973 0.009910926458723955
67 val: 0.07458646297454834 0.010051641665444722
68 val: 0.07465790808200837 0.009955808173452685
69 val: 0.07451637089252472 0.010020527672532267
70 val: 0.07452712655067444 0.01018016481232972
