1 val: 0.09410931318998336 0.008165872610231882
2 val: 0.09346319735050201 0.008534350250280006
3 val: 0.09221791625022888 0.008985496204669718
4 val: 0.0923517256975174 0.009562629525397057
5 val: 0.09230937510728836 0.009390010140142043
6 val: 0.09148909300565719 0.009509061247007672
7 val: 0.09028201699256896 0.009877446542459627
8 val: 0.0885065034031868 0.009824063003906857
9 val: 0.08809070885181428 0.009565958851220756
10 val: 0.08732611835002899 0.010131058147884143
11 val: 0.08678534477949143 0.00908773018275093
12 val: 0.08568316400051117 0.00929862269704208
13 val: 0.0850582018494606 0.009499889652330977
14 val: 0.08447935730218888 0.009223736493629581
15 val: 0.08389553278684617 0.009437328584542635
16 val: 0.08306041955947877 0.009391795709806292
17 val: 0.08285613358020782 0.00949388519847967
18 val: 0.08255276381969452 0.009337444478111865
19 val: 0.08225765675306321 0.009593622956672376
20 val: 0.08161856979131699 0.009294193088884605
21 val: 0.08148905038833618 0.00939475226312875
22 val: 0.08131199777126312 0.009506812153729966
23 val: 0.08099415302276611 0.009209579113436913
24 val: 0.08099067360162734 0.00932143151875588
25 val: 0.0809414729475975 0.008992594000157325
26 val: 0.08029797077178955 0.009342828137328106
27 val: 0.08008516281843185 0.009104902660175362
28 val: 0.07984901815652848 0.008954544404150328
29 val: 0.08009209781885147 0.008913744950371756
30 val: 0.07987146079540253 0.009025950613225052
31 val: 0.07976165562868118 0.008725072873893002
32 val: 0.07951605916023255 0.009076766180152133
33 val: 0.07947468608617783 0.009091209476577699
34 val: 0.07956807315349579 0.008851594220933156
35 val: 0.0790976732969284 0.009226707288417952
36 val: 0.07916834503412247 0.00901130846796728
37 val: 0.07933588176965714 0.009054795886354444
38 val: 0.0787295639514923 0.008858473104879258
39 val: 0.07886388152837753 0.009092278468682737
40 val: 0.0788798987865448 0.009012131498376952
41 val: 0.07894637584686279 0.008819315211291777
42 val: 0.07861776649951935 0.00890821421725378
43 val: 0.0789663165807724 0.008875666889300075
44 val: 0.07817506641149521 0.00900806078193053
45 val: 0.07866448312997817 0.009130506094741992
46 val: 0.07847208827733994 0.008977012509359564
47 val: 0.07818410247564316 0.009161494155825371
48 val: 0.0783276915550232 0.009491104643061774
49 val: 0.07829248309135436 0.009219890817803415
50 val: 0.07785252183675766 0.00923027649305645
51 val: 0.07780141979455948 0.009275069858149007
52 val: 0.07797080874443055 0.008986416890749041
53 val: 0.07815595120191574 0.009075337546537169
54 val: 0.07815330624580383 0.009137233724972764
55 val: 0.07814235538244248 0.009192349645377447
56 val: 0.0782827764749527 0.009227776132205677
57 val: 0.07774587273597718 0.009405249387869989
58 val: 0.0777245283126831 0.009254717067437305
59 val: 0.07791335731744767 0.009179563070084313
60 val: 0.07798948138952255 0.009184820337622418
61 val: 0.07770955562591553 0.00914637515263442
62 val: 0.07791538387537003 0.009220182526014935
63 val: 0.0777624636888504 0.009109944025437225
64 val: 0.07765162885189056 0.009266547620804888
65 val: 0.07778039574623108 0.009451961081696696
66 val: 0.07754161953926086 0.00909827311308774
67 val: 0.07735780328512191 0.009172160390175176
68 val: 0.07748383581638336 0.009266056031169484
69 val: 0.07750356793403626 0.009319314535386924
70 val: 0.07751722633838654 0.009280326545691869
