1 val: 0.08766586184501649 0.008199056584634627
2 val: 0.08702940344810486 0.008817931634088408
3 val: 0.08504401743412018 0.009711394639511713
4 val: 0.0820485457777977 0.010341037449470318
5 val: 0.08055679947137832 0.010058658808066875
6 val: 0.08007166981697082 0.010024686409245837
7 val: 0.07928508669137954 0.010101162822370483
8 val: 0.07843615263700485 0.009539611382344673
9 val: 0.07794623672962189 0.009286798135604632
10 val: 0.07740993201732635 0.009151501930913512
11 val: 0.07722443342208862 0.009131131748977166
12 val: 0.07683330327272415 0.009214580023823972
13 val: 0.07704537063837051 0.00906030722236162
14 val: 0.07635821551084518 0.009030845897244275
15 val: 0.07635209709405899 0.008988454476339587
16 val: 0.07595347762107849 0.009230188918509808
17 val: 0.07591413259506226 0.009249191195351699
18 val: 0.07551899254322052 0.009062147848493383
19 val: 0.0757156565785408 0.009058241575100006
20 val: 0.07544221878051757 0.008930557695006279
21 val: 0.07503263503313065 0.009219278638617222
22 val: 0.07494958490133286 0.009315129180962384
23 val: 0.07494190037250519 0.009297068754065071
24 val: 0.07487503439188004 0.009471077928329538
25 val: 0.07455654442310333 0.009331872039716305
26 val: 0.07484537661075592 0.009153857599542148
27 val: 0.07460047006607055 0.009393384258447969
28 val: 0.07469692826271057 0.009236628569456947
29 val: 0.0745208889245987 0.009356921706496449
30 val: 0.07463404536247253 0.00954217132405661
31 val: 0.0744459718465805 0.009457014443780831
32 val: 0.0743478700518608 0.009491460720923326
33 val: 0.07441439628601074 0.00940902882560577
34 val: 0.07417702525854111 0.009502290655646279
35 val: 0.07427908629179 0.009355684056877197
36 val: 0.07404784262180328 0.009535038824373471
37 val: 0.07406211346387863 0.009406992205927816
38 val: 0.074025197327137 0.00949754964168285
39 val: 0.07399873733520508 0.009537812852257438
40 val: 0.07406453788280487 0.009474731920274329
41 val: 0.0741381362080574 0.009500569704313384
42 val: 0.07384292036294937 0.009353364745607997
43 val: 0.07392497509717941 0.009625116563178906
44 val: 0.07363451421260833 0.00962060315544347
45 val: 0.07383089512586594 0.00978296725568303
46 val: 0.0737142875790596 0.009527195792429123
47 val: 0.07379301935434342 0.009489149004844918
48 val: 0.07377945035696029 0.009450174033879809
49 val: 0.07380138635635376 0.009455554129841717
50 val: 0.07360910922288895 0.0091958715682437
51 val: 0.07384591698646545 0.009275380656718084
52 val: 0.07358630150556564 0.00942339597829191
53 val: 0.07352288663387299 0.009451258020574291
54 val: 0.07369766384363174 0.009404186774373841
55 val: 0.07384891211986541 0.009463010265640472
56 val: 0.07378357201814652 0.009573812891269984
57 val: 0.07366738468408585 0.009552282747794063
58 val: 0.07375843524932861 0.009562532138244881
59 val: 0.07352364808320999 0.009406478063866443
60 val: 0.07366213649511337 0.00960242431929561
61 val: 0.0736377939581871 0.009427047289097842
62 val: 0.07359023541212081 0.009384391617288953
63 val: 0.07356681972742081 0.009481699267992678
64 val: 0.07355657517910004 0.0095197138758433
65 val: 0.0736426666378975 0.009601894644694435
66 val: 0.07371621131896973 0.009286781703053784
67 val: 0.0736234113574028 0.009534957774251236
68 val: 0.07363769859075546 0.009527960194073903
69 val: 0.07368360310792924 0.009450651248087924
70 val: 0.07355691641569137 0.009606143639377302
