1 val: 0.08552936017513275 0.010635799076903405
2 val: 0.08533264249563217 0.010833934401052944
3 val: 0.08529896736145019 0.010764276266007405
4 val: 0.08525456488132477 0.010753819003011445
5 val: 0.08524853140115737 0.010748532041919182
6 val: 0.08523199260234833 0.010758253959694118
7 val: 0.08523747622966767 0.01074837005484584
8 val: 0.08523308336734772 0.010750744782641451
9 val: 0.08517999351024627 0.010798164805170325
10 val: 0.08513424098491669 0.010841739762637716
11 val: 0.08512695580720901 0.010846883542699007
12 val: 0.08511334061622619 0.010858837479902385
13 val: 0.08511186391115189 0.010862470629201924
14 val: 0.08510415554046631 0.010862945318243188
15 val: 0.08509896844625472 0.010866246575737792
16 val: 0.08509617298841476 0.010871610242645012
17 val: 0.08509554266929627 0.01086978186572062
18 val: 0.08508901298046112 0.01087537483135254
19 val: 0.08508312553167344 0.01087833166791147
20 val: 0.08507429212331771 0.010878426350579758
21 val: 0.08507147133350372 0.010883830974355396
22 val: 0.08507116734981537 0.010887430805878876
23 val: 0.0850692257285118 0.010886131471159716
24 val: 0.08506939709186553 0.010882822164943854
25 val: 0.08507141917943954 0.010885245303985571
26 val: 0.08506904393434525 0.010884370322775514
27 val: 0.08506597131490708 0.010889198025459413
28 val: 0.08506308197975158 0.010889225354505734
29 val: 0.08506260067224503 0.010889424455078506
30 val: 0.08506361693143845 0.01089236605504717
31 val: 0.08506269603967667 0.010892734371314085
32 val: 0.08505836576223373 0.010890782584547743
33 val: 0.08505712449550629 0.01089284438352591
34 val: 0.08505512177944183 0.010891144139082876
35 val: 0.08505656123161316 0.01089278914547938
36 val: 0.08506167382001877 0.010894180798573903
37 val: 0.08505653291940689 0.010896071452586016
38 val: 0.08505343943834305 0.01089478157444026
39 val: 0.08505297005176544 0.010897432098735529
40 val: 0.08505252748727798 0.01089669314767641
41 val: 0.08504816740751267 0.010889629886177931
42 val: 0.08504584431648254 0.010884991997324837
43 val: 0.08504457324743271 0.010883652323738
44 val: 0.08504367619752884 0.01088286235136061
45 val: 0.08504373878240586 0.010882803047673396
46 val: 0.08504336029291153 0.010883147345774294
47 val: 0.08504269123077393 0.010882087853264583
48 val: 0.08504266738891601 0.010882853871071917
49 val: 0.0850424274802208 0.010881992527856354
50 val: 0.08504160940647125 0.010882063093667493
51 val: 0.08504191637039185 0.010882238133548484
52 val: 0.08504087626934051 0.010881523766025561
53 val: 0.08504075556993484 0.010882155372885135
54 val: 0.08504056930541992 0.0108818730259852
55 val: 0.08504094928503036 0.010881579510392472
56 val: 0.0850396141409874 0.01088130916154507
57 val: 0.08504075407981873 0.010881869518995873
58 val: 0.0850406363606453 0.010881519884724924
59 val: 0.08504114001989364 0.01088146241201849
60 val: 0.08504078537225723 0.010880449365473449
61 val: 0.08505161106586456 0.010870411332632451
62 val: 0.0850452020764351 0.010876268548541299
63 val: 0.08504339456558227 0.010877862815750452
64 val: 0.08504124134778976 0.010877782564556248
65 val: 0.08504129946231842 0.010877703645980575
66 val: 0.08504023551940917 0.010877803842925186
67 val: 0.08503938019275666 0.010877049609726276
68 val: 0.08503877073526382 0.01087773179627858
69 val: 0.08503834158182144 0.010876696106042742
70 val: 0.08503903150558471 0.010876709446440189
