1 val: 0.08562238812446595 0.008253209318919302
2 val: 0.08477711230516434 0.008574003582530784
3 val: 0.08245927691459656 0.00831141617676993
4 val: 0.08097762912511826 0.00878552028063133
5 val: 0.0804689958691597 0.008468131589425816
6 val: 0.0789533093571663 0.00905347928358345
7 val: 0.0784452959895134 0.00913619495169993
8 val: 0.07746549248695374 0.009186620930636361
9 val: 0.07678794413805008 0.009135649709789691
10 val: 0.07643461674451828 0.009035491458085796
11 val: 0.07625260800123215 0.00924333785810827
12 val: 0.07583608627319335 0.009448174919035204
13 val: 0.07551526427268981 0.009143229958026805
14 val: 0.07547813057899475 0.009160019861124519
15 val: 0.07513664960861206 0.00907400003821176
16 val: 0.07483564913272858 0.00939858444707187
17 val: 0.07471235245466232 0.009399316067076054
18 val: 0.07453526109457016 0.009446729389081344
19 val: 0.07460632175207138 0.009284329145041237
20 val: 0.07434112578630447 0.009333344469393998
21 val: 0.0741431623697281 0.009439044512650483
22 val: 0.07401814907789231 0.00946616808701804
23 val: 0.07391641438007354 0.009511600389884176
24 val: 0.07384478747844696 0.0095671131509028
25 val: 0.07362201660871506 0.009824176527829302
26 val: 0.07395809888839722 0.009485960468726467
27 val: 0.0736225351691246 0.00963764770984167
28 val: 0.07361231744289398 0.009570706199949128
29 val: 0.0735265076160431 0.009575029191363492
30 val: 0.07351599782705306 0.009701972327309145
31 val: 0.07366131395101547 0.009488274642026066
32 val: 0.07348752617835999 0.009442054270615622
33 val: 0.07333121299743653 0.009571873560818154
34 val: 0.0734413206577301 0.009622974431548066
35 val: 0.07323588281869889 0.009683655306067325
36 val: 0.07301604598760605 0.009551187061334386
37 val: 0.07320282906293869 0.009365013531497327
38 val: 0.07326547652482987 0.009386913458232978
39 val: 0.07316835224628448 0.009598268029164254
40 val: 0.07311113774776459 0.009368472476635673
41 val: 0.07308492362499237 0.009407099740762658
42 val: 0.07303963899612427 0.00969564864324803
43 val: 0.07317357063293457 0.009657135920685152
44 val: 0.07294076830148696 0.009711345960111903
45 val: 0.07289204895496368 0.009460549534878489
46 val: 0.07295393496751786 0.009399118259961151
47 val: 0.07297409027814865 0.009564033837458371
48 val: 0.072859288752079 0.009623070859336417
49 val: 0.07289156913757325 0.00956714307179132
50 val: 0.07300577461719512 0.00949077817113857
51 val: 0.0730067178606987 0.009652242040383731
52 val: 0.07284356206655503 0.009548759015276116
53 val: 0.07285273373126984 0.009544708102718562
54 val: 0.07292243540287018 0.009564132162351056
55 val: 0.07294460833072662 0.009851812224310186
56 val: 0.07306519299745559 0.01001416398997915
57 val: 0.07287402749061585 0.00957235087908963
58 val: 0.07289537042379379 0.009768901322980188
59 val: 0.07303745597600937 0.009626051874185105
60 val: 0.07278025001287461 0.009561566722536264
61 val: 0.07291355580091477 0.009673818892352797
62 val: 0.07289377748966216 0.009736193785215608
63 val: 0.0727422520518303 0.009693427722845116
64 val: 0.07282895147800446 0.009916442403179999
65 val: 0.07279379367828369 0.009589095287527586
66 val: 0.07299875766038895 0.009722999576431001
67 val: 0.07296914309263229 0.009648560115768904
68 val: 0.07287559807300567 0.00948448237630003
69 val: 0.07279761880636215 0.00974994141833355
70 val: 0.07285386472940444 0.009675006752962383
