1 val: 0.08772827833890914 0.00799534377301995
2 val: 0.08668259233236313 0.00895191557258775
3 val: 0.08401204645633698 0.008922164441501191
4 val: 0.08161724060773849 0.009244229730265311
5 val: 0.08031599223613739 0.009187495001647273
6 val: 0.07952087521553039 0.009087613594364496
7 val: 0.07907617688179017 0.00920783091239734
8 val: 0.07791927754878998 0.009489173713083726
9 val: 0.0773546427488327 0.009528209151761486
10 val: 0.07698249518871307 0.009399074453689869
11 val: 0.07705283313989639 0.009593753680252028
12 val: 0.07660114467144012 0.009685505482573794
13 val: 0.07642551511526108 0.009616308311060166
14 val: 0.07643440365791321 0.00985189573011905
15 val: 0.07586251348257064 0.009792224199967175
16 val: 0.07581836134195327 0.009845205624589728
17 val: 0.07540486007928848 0.009832505006336428
18 val: 0.07557361125946045 0.00977387078113874
19 val: 0.07551075965166092 0.009662842135252661
20 val: 0.07510527819395066 0.009720388427905844
21 val: 0.07511187195777894 0.009779529068482782
22 val: 0.0751672089099884 0.009773651503673413
23 val: 0.07506037652492523 0.009735263801956879
24 val: 0.07507921159267425 0.009974497580509648
25 val: 0.07490772902965545 0.010020929701595007
26 val: 0.07498373091220856 0.00977642945259347
27 val: 0.07455815225839615 0.010042458925593219
28 val: 0.07447176277637482 0.009823969941031916
29 val: 0.07478791922330856 0.010048364784212163
30 val: 0.07480788826942444 0.009856232364262725
31 val: 0.0744545504450798 0.010002389431520703
32 val: 0.07446268051862717 0.010232504713127524
33 val: 0.07435307949781418 0.009987602014796912
34 val: 0.07450813353061676 0.009940902926712349
35 val: 0.07405706197023391 0.009832445696798697
36 val: 0.07440765649080276 0.009974047949489782
37 val: 0.07444030642509461 0.010028470753365853
38 val: 0.07444821447134017 0.00984336318726122
39 val: 0.07441467195749282 0.010233382972738335
40 val: 0.0745139017701149 0.010293218407457122
41 val: 0.07408041059970856 0.009886991610244075
42 val: 0.07404007911682128 0.009930507998869088
43 val: 0.07437497973442078 0.01033025143503063
44 val: 0.07418381869792938 0.010307594261822218
45 val: 0.07384479939937591 0.010225522893702889
46 val: 0.07406192123889924 0.010061979288018613
47 val: 0.07406400889158249 0.009899835884822253
48 val: 0.07429915964603424 0.010173649823890003
49 val: 0.07397841513156891 0.009931746585819187
50 val: 0.07403177917003631 0.010014481085081772
51 val: 0.07417185604572296 0.009878394494921897
52 val: 0.07400090843439103 0.009936789334341136
53 val: 0.07396013289690018 0.009758811660123835
54 val: 0.07380113750696182 0.009962095968454047
55 val: 0.07405214756727219 0.009958709971294982
56 val: 0.07392588555812836 0.00987270859774095
57 val: 0.07390674054622651 0.010067077628309532
58 val: 0.07368557602167129 0.009993712687057366
59 val: 0.07419386059045792 0.009939852010991061
60 val: 0.07389121651649475 0.009973704877466304
61 val: 0.07387751638889313 0.009828877728961665
62 val: 0.0738035872578621 0.009852669494768316
63 val: 0.07374062538146972 0.009776813498576335
64 val: 0.07377029359340667 0.009980425978653756
65 val: 0.07383051216602325 0.009848639635775472
66 val: 0.07377839237451553 0.009909486060457181
67 val: 0.0738457277417183 0.009919303858151454
68 val: 0.0739102229475975 0.00979711534812419
69 val: 0.07363741993904113 0.009798685612831252
70 val: 0.07383235991001129 0.009733234196258118
