1 val: 0.133157379925251 0.011058680598276019
2 val: 0.13213008195161818 0.0108365981995078
3 val: 0.13099935054779052 0.011310673133067807
4 val: 0.12999669313430787 0.011711701940103776
5 val: 0.12990801632404328 0.011599846724523601
6 val: 0.12941152602434158 0.011235981509954626
7 val: 0.12954657524824142 0.010349399060748641
8 val: 0.12978476732969285 0.011292485824735014
9 val: 0.12951934039592744 0.010763199786099338
10 val: 0.12928783446550368 0.012229172484320604
11 val: 0.12966762781143187 0.012298233334013902
12 val: 0.12968135327100755 0.011841200598853
13 val: 0.12978659570217133 0.012268007260973539
14 val: 0.12962087094783784 0.012118540929053366
15 val: 0.1301682785153389 0.012462787310540754
16 val: 0.1299112170934677 0.012052559831037006
17 val: 0.13008722811937332 0.011997002940632868
18 val: 0.13052120059728622 0.012154547037543909
19 val: 0.13043916821479798 0.011904018082456938
20 val: 0.1295484334230423 0.01224255690589702
21 val: 0.12938874065876008 0.011993242461911916
22 val: 0.12952209115028382 0.012700500245209065
23 val: 0.12894372642040253 0.012587201396477253
24 val: 0.12915522009134292 0.012887985824802054
25 val: 0.12892454266548156 0.013243401231349726
26 val: 0.12901902347803115 0.01323699896101304
27 val: 0.12831167429685592 0.013272040533141703
28 val: 0.12849414050579072 0.01289101314896853
29 val: 0.1283146396279335 0.013451134738130276
30 val: 0.1282607600092888 0.013045095516547093
31 val: 0.12805955857038498 0.014137649345280051
32 val: 0.1282989650964737 0.01361019068522898
33 val: 0.12736960202455522 0.012761051449687531
34 val: 0.1275736391544342 0.013769446992894138
35 val: 0.1276991754770279 0.013584635973121855
36 val: 0.12834349274635315 0.013074687468726287
37 val: 0.12690675705671312 0.013194952041136715
38 val: 0.127375964820385 0.013677861573854698
39 val: 0.1269384428858757 0.013324611651186438
40 val: 0.1277453139424324 0.013520829089003426
41 val: 0.1262957915663719 0.013730002721617018
42 val: 0.12705135941505433 0.013219198560375137
43 val: 0.1265179231762886 0.013864681758362045
44 val: 0.12703873366117477 0.013355709928747997
45 val: 0.12666527628898622 0.01364714728310189
46 val: 0.12685321569442748 0.013674272522580667
47 val: 0.1264498770236969 0.013995855946365455
48 val: 0.12654525488615037 0.013343866881318833
49 val: 0.12679585665464402 0.013270011486592601
50 val: 0.12661164700984956 0.013196466521575226
