1 val: 0.13493141680955886 0.011388182140079231
2 val: 0.13050128519535065 0.011341196387136895
3 val: 0.12788376659154893 0.011293497305637654
4 val: 0.12460284531116486 0.01161956204941778
5 val: 0.12386409044265748 0.012525787168024976
6 val: 0.12270701080560684 0.01226920400613621
7 val: 0.12303567528724671 0.01259410851457056
8 val: 0.12329950779676438 0.012601192923415818
9 val: 0.12312355041503906 0.012754364444679244
10 val: 0.12311242371797562 0.012916032666135306
11 val: 0.12330104261636735 0.012706762158890977
12 val: 0.12310185879468918 0.012937227525782998
13 val: 0.12333127856254578 0.01273970854208847
14 val: 0.12372390180826187 0.01290177816651112
15 val: 0.12362957894802093 0.01306893508398276
16 val: 0.12326922416687011 0.013021144180150636
17 val: 0.12298850268125534 0.013217139871160483
18 val: 0.12248673737049103 0.013480692359748305
19 val: 0.12303546518087387 0.012994732236744187
20 val: 0.12222299575805665 0.013457198187282476
21 val: 0.12208039611577988 0.013867399201234684
22 val: 0.12222226560115815 0.012950595613074307
23 val: 0.12197401076555252 0.013022524874522157
24 val: 0.12251456081867218 0.013244801174164109
25 val: 0.12158984988927841 0.013144038639054289
26 val: 0.12216883152723312 0.013343208723141235
27 val: 0.12132574915885926 0.013194394822081883
28 val: 0.12140088081359864 0.013536867737060105
29 val: 0.12180695980787277 0.013450926156492678
30 val: 0.12148351520299912 0.013683602396765476
31 val: 0.12113006860017776 0.013584878869442566
32 val: 0.12118604779243469 0.013357815169568866
33 val: 0.12150299847126007 0.012956001149463773
34 val: 0.12157957404851913 0.013593238007519107
35 val: 0.12120607942342758 0.013154335556100679
36 val: 0.12113606631755829 0.012968377317496548
37 val: 0.12153071761131287 0.01248623740098527
38 val: 0.12122386544942856 0.013462913532953721
39 val: 0.12075965851545334 0.013354488323892457
40 val: 0.12138490378856659 0.013284980147759777
41 val: 0.12047802358865738 0.013024358359626287
42 val: 0.1205991268157959 0.012691014062711493
43 val: 0.12068120539188384 0.012982183811669212
44 val: 0.12062925398349762 0.012610396429396984
45 val: 0.12028752267360687 0.012968323291356507
46 val: 0.12073504328727722 0.01279350066391941
47 val: 0.12077389806509017 0.012931483738372723
48 val: 0.12073091268539429 0.012934998156260532
49 val: 0.12064200639724731 0.01254259486229311
50 val: 0.1204533576965332 0.013098650543234357
