1 val: 0.09023203402757644 0.008639629783755891
2 val: 0.08881807625293732 0.009444120874490567
3 val: 0.08800773173570633 0.009823285368633259
4 val: 0.08704553693532943 0.00947230755269005
5 val: 0.085835762321949 0.008703192872273162
6 val: 0.08481948971748351 0.008822344387438629
7 val: 0.08398492336273193 0.009229980340812667
8 val: 0.08331652581691742 0.00893759835139508
9 val: 0.08278692364692689 0.009091272738209965
10 val: 0.08238503485918044 0.00885848894381406
11 val: 0.08176907896995544 0.009427376246273168
12 val: 0.08103870004415512 0.009743983129266446
13 val: 0.08042447119951249 0.009781294654696376
14 val: 0.08000293374061584 0.010183610662306324
15 val: 0.0795581579208374 0.00977831296082589
16 val: 0.0793617770075798 0.009758852846965548
17 val: 0.07897556871175766 0.009963212103899763
18 val: 0.07850631922483445 0.00982559543368536
19 val: 0.07852175831794739 0.009741044764045914
20 val: 0.07798755913972855 0.00983902197340674
21 val: 0.07759848535060883 0.009670743207575546
22 val: 0.07765802443027496 0.009748200253665037
23 val: 0.07751682102680206 0.009942295001315776
24 val: 0.07746091932058334 0.009816883752215462
25 val: 0.07720139175653458 0.009945771349743828
26 val: 0.0773895651102066 0.009773172487870676
27 val: 0.07714775055646897 0.009841672080691432
28 val: 0.07696121484041214 0.009696587520157006
29 val: 0.07687166929244996 0.009570589526199826
30 val: 0.07695585787296295 0.00972319611711928
31 val: 0.07668219208717346 0.009613569167253802
32 val: 0.07655548602342606 0.009507168092740045
33 val: 0.07657234817743301 0.009879009322830394
34 val: 0.07648226916790009 0.009749658719786487
35 val: 0.0763257011771202 0.009912131907032355
36 val: 0.07644763141870499 0.009604568442423961
37 val: 0.07627085000276565 0.009562213978848544
38 val: 0.07622429132461547 0.009659366750598794
39 val: 0.07631931751966477 0.009838954401720338
40 val: 0.07635218799114227 0.009576975901368131
41 val: 0.07613955587148666 0.009829547459086329
42 val: 0.07611396312713622 0.00974687103905058
43 val: 0.07607059627771377 0.009586225091119456
44 val: 0.07595838159322739 0.009853694050398206
45 val: 0.07622034847736359 0.00979024771298383
46 val: 0.07602277994155884 0.0094355372815621
47 val: 0.07602034956216812 0.009497968544889303
48 val: 0.07603591084480285 0.009845034379578111
49 val: 0.07599827498197556 0.009557818981265159
50 val: 0.07574855685234069 0.009336618542741915
51 val: 0.07579710483551025 0.00935960166707548
52 val: 0.07580839097499847 0.00924775390501384
53 val: 0.0756210058927536 0.00955951967141192
54 val: 0.0759028896689415 0.009483514182324014
55 val: 0.07599743306636811 0.00956937380570693
56 val: 0.07575165331363679 0.009597908902876737
57 val: 0.07565362453460693 0.009339349598158516
58 val: 0.07559636235237122 0.009660503694198406
59 val: 0.07564873993396759 0.009388187526728412
60 val: 0.07561041563749313 0.009268933576964527
61 val: 0.07572738975286483 0.009522991894329409
62 val: 0.07584431618452073 0.009321735427175336
63 val: 0.0755625382065773 0.00934962099663049
64 val: 0.0755326971411705 0.009416879566162903
65 val: 0.07558497935533523 0.009417210040771864
66 val: 0.07554848343133927 0.00939638349354816
67 val: 0.07562130689620972 0.009274422730163148
68 val: 0.07579592764377593 0.009502739250738544
69 val: 0.07547580301761628 0.009313232019042942
70 val: 0.07554416954517365 0.009407007097675122
