1 val: 0.13714146316051484 0.00599137055254102
2 val: 0.1364745169878006 0.01009039531545755
3 val: 0.13416155725717543 0.011957062409499689
4 val: 0.13359329104423523 0.0110474839316258
5 val: 0.1328866735100746 0.012408159070069874
6 val: 0.1322367563843727 0.012071102940094657
7 val: 0.1322280704975128 0.011183206063077256
8 val: 0.13172939717769622 0.011423931884559391
9 val: 0.13108325451612474 0.012802761392276532
10 val: 0.12927231937646866 0.01234990035919086
11 val: 0.12909918129444123 0.012280314369071416
12 val: 0.12896634489297867 0.012794511482223974
13 val: 0.128868205845356 0.0124157956063117
14 val: 0.12865869104862213 0.012922443218200175
15 val: 0.1285807341337204 0.012260578628826839
16 val: 0.12804582864046096 0.013041922864423273
17 val: 0.1267989844083786 0.012619468483559732
18 val: 0.12685869485139847 0.01230902040486891
19 val: 0.1269483119249344 0.012254456736272323
20 val: 0.125908724963665 0.012539635236066955
21 val: 0.1256130039691925 0.011627497377577446
22 val: 0.1257910430431366 0.012905502426759405
23 val: 0.1253176897764206 0.012130510033852042
24 val: 0.12573268562555312 0.012401873554404358
25 val: 0.12479097843170166 0.012152021834277018
26 val: 0.12485203593969345 0.012547956861186744
27 val: 0.12415781915187836 0.012653347485559501
28 val: 0.12486144304275512 0.01246612333747983
29 val: 0.12362490743398666 0.012306150002795786
30 val: 0.12420176267623902 0.012468384023702345
31 val: 0.12458175122737884 0.012383207685139782
32 val: 0.12383126765489579 0.01201665342588131
33 val: 0.1235913723707199 0.012176971406113192
34 val: 0.1238995835185051 0.012583431184123393
35 val: 0.12332043051719666 0.012185471152766376
36 val: 0.12311922162771224 0.011773779236779048
37 val: 0.12285426110029221 0.012401068460781008
38 val: 0.12332386374473572 0.012174863791022747
39 val: 0.1226119801402092 0.01214414349996491
40 val: 0.12279818058013917 0.012863555793748864
41 val: 0.12229663729667664 0.012339354831922427
42 val: 0.12187216132879257 0.012662022423999154
43 val: 0.12226326763629913 0.011838059562585027
44 val: 0.12203623205423356 0.012066781004450251
45 val: 0.12211350649595261 0.012339987359061475
46 val: 0.12222721129655838 0.012157948500625857
47 val: 0.12177830189466476 0.012872733824623825
48 val: 0.12173544615507126 0.012228326030580097
49 val: 0.12191259562969207 0.011657508204934983
50 val: 0.12182915806770325 0.011875854916674576
