1 val: 0.13450851291418076 0.011079473133435543
2 val: 0.13221319317817687 0.011830725514869569
3 val: 0.13216621279716492 0.011089173367472057
4 val: 0.13082843720912934 0.012192172193477149
5 val: 0.13065090924501419 0.012247293528762021
6 val: 0.13075540959835052 0.011590272155399196
7 val: 0.13093242049217224 0.011213330838753288
8 val: 0.130463607609272 0.01228133172822705
9 val: 0.13041195422410964 0.011899455543044725
10 val: 0.13015304505825043 0.012633679035071097
11 val: 0.1304208442568779 0.012568741781333954
12 val: 0.1301245927810669 0.012543499524922381
13 val: 0.12967529892921448 0.012583074905872776
14 val: 0.13012222200632095 0.013142023832359765
15 val: 0.13039031624794006 0.012583034527908397
16 val: 0.1301101565361023 0.01223692195870622
17 val: 0.1300153002142906 0.01227916989103516
18 val: 0.1299817755818367 0.013089558933465025
19 val: 0.12959965020418168 0.012620814196852691
20 val: 0.12904527187347412 0.013551546289991043
21 val: 0.12923293858766555 0.013083154866337128
22 val: 0.12931185960769653 0.013274684150013807
23 val: 0.1288571462035179 0.01343364146756898
24 val: 0.12936273068189622 0.013998986161265388
25 val: 0.1291593313217163 0.0134054421722118
26 val: 0.1295408323407173 0.012906926111444141
27 val: 0.12911334186792373 0.013160375808344359
28 val: 0.12933326065540313 0.012964960252323065
29 val: 0.12908618450164794 0.013066141184113115
30 val: 0.12947030514478683 0.013318810289386232
31 val: 0.1293501675128937 0.013325860207845684
32 val: 0.12963044345378877 0.013261467006178822
33 val: 0.1289524495601654 0.012602997384640569
34 val: 0.12920881658792496 0.01371495390230591
35 val: 0.12904365956783295 0.013300589422708398
36 val: 0.12942744195461273 0.012561066828028959
37 val: 0.1287935972213745 0.013410394327519283
38 val: 0.1293978437781334 0.013192274695549629
39 val: 0.12902729511260985 0.01267713418629646
40 val: 0.1290335699915886 0.013146694458278088
41 val: 0.12838659286499024 0.013304689157467239
42 val: 0.12880078554153443 0.013178885164880725
43 val: 0.12887988537549971 0.012870594951057007
44 val: 0.12922991514205934 0.012887219755450905
45 val: 0.1288909763097763 0.013143503417526277
46 val: 0.1285700649023056 0.013377205513281792
47 val: 0.1287736251950264 0.01310880312816621
48 val: 0.12895916700363158 0.013083100137885299
49 val: 0.12907545119524003 0.012821590647009022
50 val: 0.12894857078790664 0.012530440463421106
