1 val: 0.13382333815097808 0.011317878654396483
2 val: 0.1266254559159279 0.011425529863844517
3 val: 0.1249238058924675 0.011463218333333811
4 val: 0.12216518074274063 0.01251538151840991
5 val: 0.12127813845872878 0.012426573756814229
6 val: 0.1204712599515915 0.012580969407259985
7 val: 0.12023981064558029 0.012317924283619547
8 val: 0.11979591697454453 0.011981277118454325
9 val: 0.1197375163435936 0.012216529362516
10 val: 0.11985790580511094 0.011364572767517312
11 val: 0.11944913119077682 0.011444864198828689
12 val: 0.11942989826202392 0.011377709380624084
13 val: 0.11891890913248063 0.012625891545003959
14 val: 0.118711219727993 0.01174456204092377
15 val: 0.11862052083015442 0.011734030636194636
16 val: 0.11885546892881393 0.01214910077335669
17 val: 0.1184883251786232 0.0117942716149487
18 val: 0.11856041103601456 0.011979278808372297
19 val: 0.11858026534318925 0.01207277226868908
20 val: 0.11882993429899216 0.011659076774317365
21 val: 0.11858071684837342 0.01231660830585148
22 val: 0.1183506041765213 0.012043385196325916
23 val: 0.11816193163394928 0.011810903983553788
24 val: 0.11838923692703247 0.011799005352462307
25 val: 0.11861694008111953 0.012011531634934503
26 val: 0.11863872259855271 0.011859598329933451
27 val: 0.11821181178092957 0.011839833616185333
28 val: 0.11848138123750687 0.011973696766549703
29 val: 0.11855516731739044 0.011695046917880732
30 val: 0.11825182437896728 0.012214790466014244
31 val: 0.11863996386528015 0.012138127445615161
32 val: 0.11816128641366959 0.011768217131893995
33 val: 0.11823808550834655 0.011625267128157766
34 val: 0.11831373870372772 0.01179385546362057
35 val: 0.11827705651521683 0.011956187448748998
36 val: 0.11823597252368927 0.011668932014901915
37 val: 0.11787478029727935 0.011960478317054577
38 val: 0.1181905061006546 0.012192270882419733
39 val: 0.11806903630495072 0.012054227214864759
40 val: 0.11826339066028595 0.011764375562264612
41 val: 0.11773090809583664 0.012393722562388264
42 val: 0.11786769181489945 0.011872857319465215
43 val: 0.11837223023176194 0.011864171161140675
44 val: 0.11823799908161163 0.012122273396560064
45 val: 0.11790737360715867 0.011956262208096922
46 val: 0.11801744252443314 0.011665585849725409
47 val: 0.11793100833892822 0.012002867372919699
48 val: 0.11791786253452301 0.011222036140613659
49 val: 0.11791588962078095 0.011694358959069952
50 val: 0.11801025718450546 0.011897569077808121
