1 val: 0.08667865097522735 0.007551568981952931
2 val: 0.0848917156457901 0.008795985918601992
3 val: 0.0836101844906807 0.008694100995564388
4 val: 0.08155934512615204 0.00927251747878265
5 val: 0.08040595799684525 0.009213323337512482
6 val: 0.07938169240951538 0.00925510764145122
7 val: 0.07838754951953888 0.009812862857628113
8 val: 0.07758924514055252 0.010075122575108328
9 val: 0.07714331597089767 0.00973315776272896
10 val: 0.07644460797309875 0.009920143497760903
11 val: 0.07643689066171647 0.00991120347664136
12 val: 0.07611169666051865 0.009802169457397926
13 val: 0.07587704062461853 0.009791264000592137
14 val: 0.07562437802553176 0.009589098705655972
15 val: 0.07548057287931442 0.009775334594334778
16 val: 0.07521127909421921 0.009995337861673868
17 val: 0.07499371916055679 0.009794048329803962
18 val: 0.0750216230750084 0.009766762775670536
19 val: 0.07498683482408523 0.009916722009290935
20 val: 0.0746990293264389 0.009972279329336906
21 val: 0.07456790655851364 0.009966204188665546
22 val: 0.07435770779848098 0.009919604441257873
23 val: 0.07442428916692734 0.009959076389348825
24 val: 0.07435018867254257 0.010292870254942901
25 val: 0.07432183623313904 0.01023763850314943
26 val: 0.074265256524086 0.010040734053812955
27 val: 0.07423095703125 0.010081455947118467
28 val: 0.07421027570962906 0.009964681202323796
29 val: 0.07410825788974762 0.01013405020554408
30 val: 0.07415998578071595 0.010057837975580037
31 val: 0.07414597421884536 0.010029551712742607
32 val: 0.07394645810127258 0.010143668862685149
33 val: 0.07383913397789002 0.010056763141459727
34 val: 0.07384278923273087 0.01011607277498716
35 val: 0.07377294301986695 0.01017143672561248
36 val: 0.0736735999584198 0.010153154900194852
37 val: 0.07367891520261764 0.010052636152411329
38 val: 0.07358158975839615 0.010238443561665275
39 val: 0.07363287508487701 0.010126201090378565
40 val: 0.07336496114730835 0.010228288611018514
41 val: 0.07357613146305084 0.010025234650732765
42 val: 0.07342755198478698 0.010066033768759407
43 val: 0.07368397563695908 0.010260998980258156
44 val: 0.07327731400728225 0.010139458419848082
45 val: 0.07347804605960846 0.010130871354813302
46 val: 0.07337594181299209 0.010169235019131799
47 val: 0.07344115376472474 0.010213973903578212
48 val: 0.07304920256137848 0.010330473696523857
49 val: 0.07322895377874375 0.010248372042276509
50 val: 0.07313716411590576 0.010229326739538207
51 val: 0.07306495010852813 0.010278012660669057
52 val: 0.072890505194664 0.01021578864477678
53 val: 0.07282752394676209 0.010224130279846897
54 val: 0.07306181639432907 0.010305312349643672
55 val: 0.07294253408908843 0.010289535427916737
56 val: 0.07281328737735748 0.010360127602100611
57 val: 0.07305781245231628 0.010288691528179024
58 val: 0.0728693351149559 0.010324329187786375
59 val: 0.07306350618600846 0.010341131652477553
60 val: 0.0729127511382103 0.010438479789923757
61 val: 0.07287598550319671 0.010411803490494339
62 val: 0.07297161668539047 0.010402061367272964
63 val: 0.07292121499776841 0.010304011260671686
64 val: 0.07284077852964402 0.010447005401421591
65 val: 0.07300613671541215 0.010539129871205175
66 val: 0.0728512316942215 0.010330890426549725
67 val: 0.07293225973844528 0.01053843333618691
68 val: 0.07283210456371307 0.01031872159283323
69 val: 0.07290845811367035 0.010501034984903337
70 val: 0.07281517088413239 0.01055995903281112
