1 val: 0.0920037105679512 0.008075957668951422
2 val: 0.09079915285110474 0.008578217363795014
3 val: 0.09010779410600663 0.009196585896623725
4 val: 0.09018851667642594 0.009421440088153033
5 val: 0.09015026688575745 0.009616902522832036
6 val: 0.08914957344532012 0.01081000343369107
7 val: 0.08750718832015991 0.011727718091879497
8 val: 0.08571137189865112 0.01053249098847361
9 val: 0.08445023000240326 0.010263490240483295
10 val: 0.08318853229284287 0.0100133973164924
11 val: 0.08228344768285752 0.00991027164467543
12 val: 0.08159644156694412 0.009629247987234914
13 val: 0.08028561919927597 0.009708301434906318
14 val: 0.07956108599901199 0.009592370084454044
15 val: 0.0789133444428444 0.009259980249646487
16 val: 0.07821805924177169 0.008890695266264868
17 val: 0.07766319960355758 0.009544863545967128
18 val: 0.07721104770898819 0.009176932413857303
19 val: 0.07697643637657166 0.009064274343952218
20 val: 0.07656274437904358 0.009639064794778735
21 val: 0.07620888501405716 0.009463708791001984
22 val: 0.07571537941694259 0.009561186709964897
23 val: 0.07591457664966583 0.009376926263191374
24 val: 0.07566395699977875 0.009377182405726287
25 val: 0.07514524161815643 0.009590688270558305
26 val: 0.07524995654821395 0.009307963229951454
27 val: 0.07474757730960846 0.00939229285597435
28 val: 0.0746707022190094 0.009413289977219064
29 val: 0.07458663135766982 0.00941813198773591
30 val: 0.07467408031225205 0.009406980554853804
31 val: 0.07455943375825883 0.009326298959803268
32 val: 0.07436223775148391 0.009624569176368357
33 val: 0.07406361252069474 0.009566606317377093
34 val: 0.07397330105304718 0.00936025916477394
35 val: 0.0737464264035225 0.009360624690453928
36 val: 0.07363187521696091 0.009377325109960168
37 val: 0.07352487295866013 0.009336637561937153
38 val: 0.07341471165418625 0.009414176768498131
39 val: 0.07350894510746002 0.00946499481426349
40 val: 0.07367948442697525 0.00933104169550352
41 val: 0.07329359054565429 0.00940321824357528
42 val: 0.07329637408256531 0.00935259713655888
43 val: 0.07332875430583954 0.009531510264656887
44 val: 0.07344220131635666 0.009271046900366195
45 val: 0.07317569851875305 0.009435935773723557
46 val: 0.07334589213132858 0.009406180881045965
47 val: 0.07311509698629379 0.009315310851356845
48 val: 0.07324835658073425 0.009381069690060573
49 val: 0.0731600359082222 0.009516046039461493
50 val: 0.07300152182579041 0.009366797167655613
51 val: 0.0727871224284172 0.00904095184740875
52 val: 0.07301654070615768 0.009346357841826072
53 val: 0.07336606234312057 0.009364980272188713
54 val: 0.07275797426700592 0.009469092886859305
55 val: 0.07288220524787903 0.009283174349531529
56 val: 0.07282574772834778 0.009413891670888398
57 val: 0.07288416475057602 0.009415005252056052
58 val: 0.07272912263870239 0.009527018217448516
59 val: 0.07277604937553406 0.00953636967754321
60 val: 0.07269784957170486 0.009618081958705203
61 val: 0.07253016531467438 0.009409569820523106
62 val: 0.07271115481853485 0.009629477005118943
63 val: 0.07273840308189392 0.009485337485172815
64 val: 0.07249867171049118 0.009612650362615905
65 val: 0.07265907227993011 0.009503784048282301
66 val: 0.072744819521904 0.00931241031283575
67 val: 0.07254439890384674 0.009405897869195457
68 val: 0.07264182418584823 0.009503653957255321
69 val: 0.07254023849964142 0.009611691937620757
70 val: 0.07263394594192504 0.009498300130903222
