1 val: 0.09915561974048615 0.009356833917882154
2 val: 0.0988160490989685 0.009163924514018469
3 val: 0.09795320481061935 0.008942256867677445
4 val: 0.0977840170264244 0.008777141828121534
5 val: 0.09768213033676147 0.008546876567070955
6 val: 0.09837413281202316 0.009421948645839987
7 val: 0.09784089028835297 0.010214183434961797
8 val: 0.09770233035087586 0.00957513019332051
9 val: 0.09783645421266556 0.010014294034184813
10 val: 0.09729370474815369 0.010145560877160977
11 val: 0.09700818210840226 0.00985835644648366
12 val: 0.09632760435342788 0.010846797973378777
13 val: 0.09570596218109131 0.011749453806435994
14 val: 0.09524493962526322 0.011104783053957228
15 val: 0.0948343887925148 0.012038688288928373
16 val: 0.09338241517543792 0.012494998103305463
17 val: 0.09310251623392105 0.011575944784777779
18 val: 0.09171141535043717 0.010871597424498147
19 val: 0.0920027494430542 0.010920605615851923
20 val: 0.091205894947052 0.010833851105927102
21 val: 0.09071803987026214 0.010456031165866932
22 val: 0.09024456292390823 0.0106172986225632
23 val: 0.08949571251869201 0.009971529473333211
24 val: 0.08906072825193405 0.010215057921546472
25 val: 0.08857622742652893 0.0094839244060529
26 val: 0.08793775737285614 0.009618903209390585
27 val: 0.0876750886440277 0.009369435274730921
28 val: 0.08725830316543579 0.009472522140230625
29 val: 0.08723887652158738 0.009461857673538241
30 val: 0.08682626187801361 0.009560540042125643
31 val: 0.08696941584348679 0.009623950087072088
32 val: 0.0862429216504097 0.009372322223535888
33 val: 0.08638337403535842 0.009511981609027238
34 val: 0.08605716228485108 0.009224693596811934
35 val: 0.0859116867184639 0.009982133638358998
36 val: 0.08550598472356796 0.009326675311599225
37 val: 0.08553079068660736 0.00957859101072581
38 val: 0.08530270010232925 0.009323365364027475
39 val: 0.0850333571434021 0.009487035059505227
40 val: 0.08506890088319778 0.00944342108280168
41 val: 0.08527456969022751 0.009970396973119387
42 val: 0.08476427495479584 0.009392897269802601
43 val: 0.0845913290977478 0.009270888491234825
44 val: 0.08451791405677796 0.009629109126949425
45 val: 0.08408628553152084 0.009901447127970175
46 val: 0.08438128679990768 0.009824562213569627
47 val: 0.08431967943906785 0.009768227106766673
48 val: 0.08426998555660248 0.009867836125043935
49 val: 0.08418089002370835 0.009712602859775977
50 val: 0.08407390415668488 0.009435238906425596
51 val: 0.08355236500501632 0.00980743916951267
52 val: 0.08357062041759492 0.00940839601952468
53 val: 0.08340670317411422 0.009524457494194527
54 val: 0.08341464251279831 0.009571968874969864
55 val: 0.08378751277923584 0.009409888921286965
56 val: 0.0833261713385582 0.010035640987941722
57 val: 0.08313217014074326 0.009532202208016026
58 val: 0.08313309997320176 0.010123186621528179
59 val: 0.0835956335067749 0.009740181755969952
60 val: 0.08306920975446701 0.0097219713382774
61 val: 0.08318401724100113 0.009502521328974906
62 val: 0.08338714390993118 0.009783234325673726
63 val: 0.0827244684100151 0.009213471305902526
64 val: 0.08299572765827179 0.010172712441200124
65 val: 0.08326320052146911 0.010005047446667165
66 val: 0.08284049332141877 0.009585121163258657
67 val: 0.08258488327264786 0.009702574693246051
68 val: 0.08297619819641114 0.009636889671393575
69 val: 0.08257786482572556 0.009614475622447565
70 val: 0.08251901417970657 0.009850008030324636
