1 val: 0.11708937883377075 0.008208555934203067
2 val: 0.11693031042814254 0.010569933633335736
3 val: 0.11577778905630112 0.013202154678683345
4 val: 0.11369764804840088 0.014744318732203152
5 val: 0.11190793365240097 0.015270335206698763
6 val: 0.10950622707605362 0.015146469898537476
7 val: 0.10789817869663239 0.014745441159418856
8 val: 0.10627418011426926 0.014326645301800327
9 val: 0.10441374480724334 0.014371703985402771
10 val: 0.10338969826698304 0.014156022747323485
11 val: 0.1023104429244995 0.01363122615208479
12 val: 0.10171128362417221 0.014096114099106586
13 val: 0.10184350907802582 0.014029607926311609
14 val: 0.10058369040489197 0.01358046383343824
15 val: 0.10009016245603561 0.013013949238797874
16 val: 0.09878508001565933 0.01333886659547311
17 val: 0.09917425364255905 0.012547343470399918
18 val: 0.09781325012445449 0.013105952535046077
19 val: 0.09733639359474182 0.012399109694209078
20 val: 0.09698396176099777 0.012475357176655448
21 val: 0.09568239003419876 0.01213423755070742
22 val: 0.09564803540706635 0.011900163236993342
23 val: 0.09504007995128631 0.011948786679007372
24 val: 0.09495427161455154 0.012299359097097297
25 val: 0.09412827640771866 0.011937966384515757
26 val: 0.0944631889462471 0.012531036380324668
27 val: 0.0932045817375183 0.011989156740843753
28 val: 0.09294890761375427 0.011917704227657212
29 val: 0.09337232112884522 0.012782482365759178
30 val: 0.09276326149702072 0.011621788706412768
31 val: 0.09217797070741654 0.011773072956126434
32 val: 0.0916888639330864 0.012051308237260049
33 val: 0.09113826900720597 0.011635741177365938
34 val: 0.09100212752819062 0.011460524952231191
35 val: 0.09082053750753402 0.012357397719284312
36 val: 0.09026725441217423 0.011036716433194068
37 val: 0.08991810381412506 0.011409545879794947
38 val: 0.08999498784542084 0.012011567264127936
39 val: 0.0898702621459961 0.012512812897575675
40 val: 0.08942861258983612 0.011514397567088195
41 val: 0.0890499621629715 0.01162994900410409
42 val: 0.08870472162961959 0.011580785256473217
43 val: 0.08887519538402558 0.012217229557429928
44 val: 0.0890793263912201 0.012389087896798299
45 val: 0.08809579759836197 0.01132201004061585
46 val: 0.0889499843120575 0.011515284010218726
47 val: 0.08798512369394303 0.011199299476141357
48 val: 0.08796815276145935 0.011637394337523088
49 val: 0.08780245035886765 0.011530545155917898
50 val: 0.08742100149393081 0.01128547487534908
51 val: 0.08778282403945922 0.012215631887947012
52 val: 0.08749103993177414 0.011660800783895432
53 val: 0.08683735728263856 0.01121714016547445
54 val: 0.08722745031118392 0.011395819604317731
55 val: 0.08739357143640518 0.011107156460627775
56 val: 0.08675007075071335 0.011145071173344413
57 val: 0.08640561401844024 0.011729282690690105
58 val: 0.08656496405601502 0.011770460662709351
59 val: 0.0869928702712059 0.011791050632503216
60 val: 0.08629280477762222 0.011071772754509126
61 val: 0.08636731505393982 0.011570576360659269
62 val: 0.08630144000053405 0.011948062556951168
63 val: 0.08610042780637742 0.010912798952200794
64 val: 0.08598876893520355 0.01121447452589192
65 val: 0.08580509573221207 0.011592213595375257
66 val: 0.0859383374452591 0.011680536806219005
67 val: 0.08554291427135467 0.011429855232916338
68 val: 0.08502777069807052 0.010841606071616374
69 val: 0.08564162254333496 0.01078356569673723
70 val: 0.08552801907062531 0.011280081975099415
