1 val: 0.13471415787935256 0.011062013630403204
2 val: 0.12793420106172562 0.012262746799068917
3 val: 0.12630829513072966 0.011649048579806753
4 val: 0.12421519160270691 0.012658264952570879
5 val: 0.12278788387775422 0.012610152980202544
6 val: 0.12177093923091889 0.012651669521268187
7 val: 0.12118782699108124 0.012480998608860455
8 val: 0.12073110938072204 0.011980021404465541
9 val: 0.12061783373355865 0.012146172386508862
10 val: 0.12071824371814728 0.012622352828179782
11 val: 0.12026391178369522 0.012393776964021828
12 val: 0.12035690844058991 0.012482998133197823
13 val: 0.12035345286130905 0.013000180780209834
14 val: 0.12014437168836593 0.012535410574857256
15 val: 0.12028549909591675 0.012260738342523204
16 val: 0.11975661069154739 0.012284420116432873
17 val: 0.11989950090646743 0.012074183813618201
18 val: 0.12028895616531372 0.012119787116552533
19 val: 0.12020209729671479 0.011934162992988431
20 val: 0.12020730078220368 0.012497737194034466
21 val: 0.12036921083927155 0.012194405058051104
22 val: 0.1199485942721367 0.012191023005407881
23 val: 0.1193819835782051 0.011951827963367112
24 val: 0.11943319439888 0.012562538175356614
25 val: 0.11975464820861817 0.012542174364282652
26 val: 0.1196095809340477 0.012403365136742478
27 val: 0.11907373815774917 0.012179362963123535
28 val: 0.1195463091135025 0.012749212413728518
29 val: 0.11951632052659988 0.012020263638913205
30 val: 0.11889130622148514 0.012705654297932717
31 val: 0.11911690831184388 0.012305387254357876
32 val: 0.11929793655872345 0.01247007742726178
33 val: 0.11887601613998414 0.012017255018902486
34 val: 0.11911934912204743 0.012057790223770067
35 val: 0.11883161813020707 0.01259624672801027
36 val: 0.11918884962797165 0.01201848149485908
37 val: 0.11891317963600159 0.012167685754859684
38 val: 0.11834614425897598 0.012443068176408207
39 val: 0.11897282153367997 0.012554749536939904
40 val: 0.11908703446388244 0.012391852197613306
41 val: 0.1184728667140007 0.012571220779461226
42 val: 0.11825163215398789 0.0124928768944608
43 val: 0.11853141784667968 0.012559572607749557
44 val: 0.11863888502120971 0.011846703209532041
45 val: 0.11832009255886078 0.012577259374715396
46 val: 0.11820895224809647 0.0131291260361091
47 val: 0.11894132494926453 0.012525276621198327
48 val: 0.11834825873374939 0.01265159147931929
49 val: 0.11806739121675491 0.012498870681464847
50 val: 0.11854396760463715 0.01287345203478038
