1 val: 0.08855615854263306 0.0094070544200321
2 val: 0.08810374438762665 0.009703106429177337
3 val: 0.0861676886677742 0.008750866676273512
4 val: 0.08441529124975204 0.00915411055531731
5 val: 0.08338340669870377 0.009370197064237584
6 val: 0.08179628103971481 0.009624207489096499
7 val: 0.08062122464179992 0.009788062996735273
8 val: 0.07973246574401856 0.008778545228210633
9 val: 0.07884896397590638 0.009031561695276621
10 val: 0.07843396812677383 0.00931100609942255
11 val: 0.07768650650978089 0.009167361736081035
12 val: 0.07769457697868347 0.009032907857078795
13 val: 0.07727600634098053 0.009007742002067843
14 val: 0.07745305150747299 0.008747148816707698
15 val: 0.07711945772171021 0.008889832000857205
16 val: 0.07684912532567978 0.008905770385198955
17 val: 0.07643474489450455 0.008719659964717666
18 val: 0.07631324380636215 0.008684026921322962
19 val: 0.07631145864725113 0.008755213852440399
20 val: 0.0756077527999878 0.00868912872264543
21 val: 0.07556917667388915 0.008787588689970602
22 val: 0.07554048597812653 0.008824190514737247
23 val: 0.07526422142982483 0.008644334906866624
24 val: 0.07522585093975068 0.008638714728309833
25 val: 0.07549088150262832 0.008663739254557545
26 val: 0.07520722001791 0.008703227201740488
27 val: 0.07508977949619293 0.008675896761650911
28 val: 0.07464591711759568 0.008628467546420477
29 val: 0.07474183738231659 0.00870762751944608
30 val: 0.07498867511749267 0.008770799439500085
31 val: 0.07486647665500641 0.008546490491825008
32 val: 0.07458991259336471 0.008543905625964375
33 val: 0.07473656386137009 0.008730565084605783
34 val: 0.07460089176893234 0.00847208392406035
35 val: 0.07454370707273483 0.008662666012394989
36 val: 0.07440155446529388 0.008710893473459547
37 val: 0.07483967691659928 0.008362898870371291
38 val: 0.07461594939231872 0.00861121025055581
39 val: 0.07430864572525024 0.008698232849422992
40 val: 0.07449964284896851 0.00877966428534046
41 val: 0.07438890486955643 0.008543452700452793
42 val: 0.07431405633687974 0.008700926798133625
43 val: 0.07464133203029633 0.008483273084057677
44 val: 0.07428478598594665 0.008748484638219936
45 val: 0.0742440715432167 0.008635238054450873
46 val: 0.07442451268434525 0.008618953473229267
47 val: 0.074479578435421 0.00858987023556691
48 val: 0.07429269254207611 0.008561889546267314
49 val: 0.07438988238573074 0.00851949211994263
50 val: 0.07413193434476853 0.008684649742868799
51 val: 0.0742879033088684 0.008681712749430172
52 val: 0.0743687704205513 0.008701461158075682
53 val: 0.07398361414670944 0.008568218345467386
54 val: 0.07428927719593048 0.008568841803043627
55 val: 0.07424941807985305 0.008578706912316747
56 val: 0.07403037101030349 0.008679060784965067
57 val: 0.0742760106921196 0.008515573003212467
58 val: 0.07420309633016586 0.00860047847273322
59 val: 0.07421511262655259 0.008594130616753501
60 val: 0.07416686266660691 0.008696611789645205
61 val: 0.07423031926155091 0.008695643196703738
62 val: 0.07420604228973389 0.008882647098709347
63 val: 0.07416007071733474 0.008436788438468415
64 val: 0.07410724312067032 0.008732958788563254
65 val: 0.07414327710866928 0.008671063874475773
66 val: 0.07403276860713959 0.008570965548628049
67 val: 0.07419215589761734 0.008644687799653598
68 val: 0.07417284548282624 0.008617159072218135
69 val: 0.07411989718675613 0.008658758330043183
70 val: 0.07421913594007493 0.008754520761635121
