1 val: 0.09239068180322647 0.009153920824359786
2 val: 0.09149356037378312 0.009300209952240866
3 val: 0.09103264063596725 0.009103850611256226
4 val: 0.09014038741588593 0.008323839044326231
5 val: 0.0895757332444191 0.008868523504585125
6 val: 0.08974677175283433 0.008514453066723583
7 val: 0.08972034752368926 0.009231737251637593
8 val: 0.08840808123350144 0.009009293890519063
9 val: 0.0881982609629631 0.009345250582919044
10 val: 0.08705133050680161 0.010353306846893765
11 val: 0.08710078448057175 0.010289468953346443
12 val: 0.086222605407238 0.010067952231788156
13 val: 0.0853546604514122 0.01035579630560594
14 val: 0.0849371537566185 0.010093247513319779
15 val: 0.08473895788192749 0.009625209330115856
16 val: 0.08454503417015076 0.010437949497962864
17 val: 0.0840542420744896 0.010441488799967338
18 val: 0.08310695737600327 0.010568605222497708
19 val: 0.08399026840925217 0.009987035822969207
20 val: 0.08343062847852707 0.010517506486075906
21 val: 0.08320304155349731 0.010031764490759739
22 val: 0.08282172977924347 0.01003372831315745
23 val: 0.08258946985006332 0.009846221721767657
24 val: 0.08234017491340637 0.009810210021197243
25 val: 0.08248260170221329 0.009964217967874103
26 val: 0.08251793384552002 0.00996319941850419
27 val: 0.08220118135213852 0.0100320449519156
28 val: 0.08186193108558655 0.009782393069409541
29 val: 0.08179691284894944 0.009988285476994773
30 val: 0.08138936311006546 0.01026448832079655
31 val: 0.08154140263795853 0.009815433298667606
32 val: 0.08127174228429794 0.009890473685506232
33 val: 0.08152608424425126 0.010004127645647315
34 val: 0.08121075481176376 0.01006000626098351
35 val: 0.08130442649126053 0.010043803507065562
36 val: 0.08128796517848969 0.009708415498851763
37 val: 0.08150799870491028 0.01010847049036587
38 val: 0.081319859623909 0.009881930389316161
39 val: 0.08117708116769791 0.009766028325703838
40 val: 0.08098408728837966 0.009863894460733014
41 val: 0.08076227158308029 0.009923757501686257
42 val: 0.0810375154018402 0.009896980617980295
43 val: 0.0811337873339653 0.009904481389819902
44 val: 0.08053391128778457 0.010062953983041065
45 val: 0.08061319291591644 0.009990473865058105
46 val: 0.08051036894321442 0.010231911877268747
47 val: 0.08049493581056595 0.009923535516278196
48 val: 0.08071811646223068 0.010177279474047717
49 val: 0.0807378500699997 0.009903603216647242
50 val: 0.0804975226521492 0.009917333336006267
51 val: 0.08036304116249085 0.01022853812604316
52 val: 0.08023286610841751 0.009711769541093646
53 val: 0.08043612986803055 0.010067792072633077
54 val: 0.08013307750225067 0.009911446597060763
55 val: 0.08039510995149612 0.009950937954993324
56 val: 0.08033600598573684 0.010142416327661708
57 val: 0.08022794127464294 0.010012491830443865
58 val: 0.08012723028659821 0.010021433527360367
59 val: 0.08015270978212356 0.010179503687745846
60 val: 0.08003744035959244 0.009887876145325106
61 val: 0.08018627613782883 0.010033146694186005
62 val: 0.08005428910255433 0.010120627718312632
63 val: 0.08000562638044358 0.00985717917294857
64 val: 0.07994496971368789 0.010342297479450705
65 val: 0.08003724068403244 0.010007181029240282
66 val: 0.08015408515930175 0.010042437591008436
67 val: 0.07952056527137756 0.010303692093288679
68 val: 0.07979778796434403 0.010129897404301038
69 val: 0.08005437552928925 0.010179248590907741
70 val: 0.08001414984464646 0.009740972404256396
