1 val: 0.1338871791958809 0.012464437311708482
2 val: 0.13075953871011733 0.010812781795841359
3 val: 0.1273443281650543 0.011231155352650185
4 val: 0.1255198374390602 0.012986249237040408
5 val: 0.12565463334321975 0.012657301933349503
6 val: 0.1249068796634674 0.012493540440457359
7 val: 0.12486103922128677 0.012421459966948262
8 val: 0.12469338327646255 0.012858966201170162
9 val: 0.12437222748994828 0.011971509422712441
10 val: 0.12460839599370957 0.012517059423876542
11 val: 0.12486227303743362 0.012370087628835107
12 val: 0.1250444769859314 0.012085811944477446
13 val: 0.12475580871105194 0.012327713622840662
14 val: 0.12368289977312089 0.012058084246529172
15 val: 0.12417729794979096 0.012050644356184722
16 val: 0.12433985769748687 0.012548169466838998
17 val: 0.1236996129155159 0.012212844591740449
18 val: 0.12319616824388505 0.011734019450074601
19 val: 0.1240412324666977 0.011979169449452013
20 val: 0.12317982763051986 0.0121030726909971
21 val: 0.12276154458522796 0.012256813200908363
22 val: 0.12306601703166961 0.012048259262721196
23 val: 0.1232785388827324 0.011808168922032524
24 val: 0.12319952994585037 0.012453782920296115
25 val: 0.1222702831029892 0.011695521658752341
26 val: 0.12252351343631744 0.011881103696260154
27 val: 0.12241595387458801 0.012085682677511577
28 val: 0.12199902534484863 0.01185090692845071
29 val: 0.1217694491147995 0.010831990499228974
30 val: 0.12229468673467636 0.011915477861209115
31 val: 0.12237799465656281 0.012068375942503444
32 val: 0.1221075639128685 0.011699238250143134
33 val: 0.12102439105510712 0.011224714923662059
34 val: 0.12221007943153381 0.01203306876991246
35 val: 0.12183058112859727 0.01190492170017694
36 val: 0.12143839597702026 0.011422178224467077
37 val: 0.1216600403189659 0.011827730341142744
38 val: 0.12171913087368011 0.011905113057839034
39 val: 0.12134465128183365 0.011148821010933532
40 val: 0.12223511785268784 0.01176207405958977
41 val: 0.12105807065963745 0.012438613415079179
42 val: 0.12076180428266525 0.011744918804520355
43 val: 0.12180052995681763 0.011978073674335128
44 val: 0.12195667028427123 0.012168147931283499
45 val: 0.12150911539793015 0.011877526399557914
46 val: 0.12102800756692886 0.011032206489898128
47 val: 0.12079361081123352 0.01177654599267726
48 val: 0.1214115172624588 0.011476613127128122
49 val: 0.12164390683174134 0.011981284808068463
50 val: 0.12165130823850631 0.011313592688171116
