1 val: 0.13337651044130325 0.011312725574925478
2 val: 0.13228422552347183 0.011506546204964092
3 val: 0.13163389265537262 0.011458771211551018
4 val: 0.13061118125915527 0.011960953942260965
5 val: 0.13005630820989608 0.012528724515553188
6 val: 0.12992959916591645 0.012205999040251603
7 val: 0.13033520430326462 0.011920571660905372
8 val: 0.1302003562450409 0.012465812224439352
9 val: 0.13014984726905823 0.011565338032959196
10 val: 0.13005965501070021 0.012358885197562803
11 val: 0.13029372394084932 0.01262184321511849
12 val: 0.12997213900089263 0.012958037547409257
13 val: 0.1299837976694107 0.012710313168808865
14 val: 0.1294725939631462 0.013101379981480862
15 val: 0.1304960384964943 0.012577826137081877
16 val: 0.12930548936128616 0.012530221413949801
17 val: 0.12905097603797913 0.01262642029878898
18 val: 0.12871843874454497 0.013004319767127716
19 val: 0.1295576125383377 0.011604558604442086
20 val: 0.1287398084998131 0.012293480406064301
21 val: 0.12875904589891435 0.012445408225170615
22 val: 0.12893820703029632 0.011976546822147535
23 val: 0.12854924201965331 0.012163413991329355
24 val: 0.1287167638540268 0.012219706775413
25 val: 0.12845437824726105 0.012192876095930918
26 val: 0.12931856364011765 0.011493537044284583
27 val: 0.12801985889673234 0.012012561230138184
28 val: 0.12855886071920394 0.01161904458494435
29 val: 0.12767916321754455 0.011870378622220438
30 val: 0.12872012406587602 0.011560176468403759
31 val: 0.1284465104341507 0.012274038294797838
32 val: 0.12869329303503035 0.011794453572930564
33 val: 0.12760750204324722 0.011303402061265988
34 val: 0.12813615798950195 0.011965747143253224
35 val: 0.12788359969854354 0.011669511048120054
36 val: 0.12911444008350373 0.01156332173109055
37 val: 0.12842915058135987 0.011307002525719588
38 val: 0.12803528755903243 0.011823347124074958
39 val: 0.12810844480991362 0.011217320731854441
40 val: 0.1288635939359665 0.011604317623047287
41 val: 0.12706363946199417 0.012357653771450748
42 val: 0.12799409925937652 0.011758283148776779
43 val: 0.12774456590414046 0.011240279671768763
44 val: 0.1274240106344223 0.011872866744679062
45 val: 0.1274044007062912 0.0111476405224167
46 val: 0.1276927649974823 0.011985713785476033
47 val: 0.12729432433843613 0.011302338129346605
48 val: 0.1272941529750824 0.011062290246217275
49 val: 0.12766182869672776 0.011232747948842383
50 val: 0.1273579329252243 0.010745379652238953
