1 val: 0.13379422426223755 0.011458577718438187
2 val: 0.1307404264807701 0.010863332478051995
3 val: 0.1284528374671936 0.0116231881316485
4 val: 0.12640330493450164 0.01184759029467612
5 val: 0.12522361278533936 0.01224471672488493
6 val: 0.12443922162055969 0.012429255430238697
7 val: 0.12449620515108109 0.012127464381154019
8 val: 0.12411907315254211 0.012638983112395181
9 val: 0.12427367717027664 0.012065830699285112
10 val: 0.12414387613534927 0.012745015673254303
11 val: 0.12416518926620483 0.012434884951394732
12 val: 0.12447004616260529 0.012348368034584263
13 val: 0.12489049285650253 0.01239258335251983
14 val: 0.12447535246610641 0.012417889634885056
15 val: 0.12502746134996415 0.012085464818048907
16 val: 0.1250033587217331 0.01235222931139304
17 val: 0.12497932910919189 0.012446201276556093
18 val: 0.124615478515625 0.012441163897403774
19 val: 0.1249130979180336 0.012548744418973749
20 val: 0.12378447651863098 0.012761463017628016
21 val: 0.1239207461476326 0.012859209893355537
22 val: 0.12431780099868775 0.013345584715482639
23 val: 0.12424207925796509 0.013237558285138694
24 val: 0.12460212558507919 0.013628685120934743
25 val: 0.12377336323261261 0.013185177589655385
26 val: 0.12349242568016053 0.012528071841833813
27 val: 0.1233092874288559 0.012673170518146116
28 val: 0.12365880906581879 0.013906047345677198
29 val: 0.12358257323503494 0.012406709501645236
30 val: 0.1234127327799797 0.01361548199143487
31 val: 0.12304383367300034 0.014081881829396714
32 val: 0.12320998013019561 0.013218752998263214
33 val: 0.12256972193717956 0.01255233075246922
34 val: 0.12322539538145065 0.012978487477258082
35 val: 0.12338973879814148 0.012206025072727368
36 val: 0.12275385111570358 0.012340450319244418
37 val: 0.12283173203468323 0.01262679347643611
38 val: 0.12280043065547944 0.013168471328980046
39 val: 0.12293633222579955 0.012896011256466368
40 val: 0.1231435552239418 0.013038587858043179
41 val: 0.12231539487838745 0.01333982508166109
42 val: 0.1223187193274498 0.013318810751179811
43 val: 0.12264889180660248 0.013157706759496858
44 val: 0.12230048179626465 0.012880496805494336
45 val: 0.12235469222068787 0.013071883293699325
46 val: 0.12193320244550705 0.012064427120446508
47 val: 0.121663036942482 0.012343561450708753
48 val: 0.12196188569068908 0.012842101554503264
49 val: 0.12193732857704162 0.012719993837485288
50 val: 0.12226953357458115 0.012439765403215109
