1 val: 0.10633385926485062 0.007937908334100723
2 val: 0.10629282593727112 0.007885957959486921
3 val: 0.10590494722127915 0.00800690479108254
4 val: 0.1061535969376564 0.007927105313838306
5 val: 0.10542348623275757 0.008077288088762746
6 val: 0.10645786374807358 0.008484493599828244
7 val: 0.10650731325149536 0.008856162543123968
8 val: 0.10706982165575027 0.009856948801135936
9 val: 0.10764710307121277 0.010007262952873436
10 val: 0.10861277133226395 0.010947400654554391
11 val: 0.10917977392673492 0.011281716446948583
12 val: 0.10960855334997177 0.011153047764808376
13 val: 0.10907791554927826 0.01106831587671142
14 val: 0.10942712426185608 0.011670143079644396
15 val: 0.10914485156536102 0.011096708074122023
16 val: 0.10867456644773484 0.01131646308376322
17 val: 0.10929010957479476 0.011418488449956212
18 val: 0.10865278542041779 0.011842811822952246
19 val: 0.10886618793010712 0.012046503857093875
20 val: 0.10896656513214112 0.012975508893411473
21 val: 0.10855590403079987 0.01335840976610393
22 val: 0.1084304392337799 0.013256866713282535
23 val: 0.10760516673326492 0.013008242184985506
24 val: 0.10792312324047089 0.013549104407068541
25 val: 0.10697461217641831 0.013330134285783833
26 val: 0.10633161962032318 0.012776951777629655
27 val: 0.10577690601348877 0.013078613750279402
28 val: 0.10519951581954956 0.01328078759350526
29 val: 0.10522907823324204 0.012968367941487978
30 val: 0.10422678142786027 0.012270460058667994
31 val: 0.10410717576742172 0.012266438212401438
32 val: 0.10364880710840225 0.012171604318821324
33 val: 0.10320521146059036 0.0127294683684702
34 val: 0.1028376802802086 0.011755833184830207
35 val: 0.1027260571718216 0.012528885914680588
36 val: 0.10217093974351883 0.011877153586280163
37 val: 0.10212316066026687 0.011531918179307248
38 val: 0.10201081484556199 0.01190450127504862
39 val: 0.10211851447820663 0.011871946271567135
40 val: 0.10161276310682296 0.01169823012351645
41 val: 0.10163161903619766 0.011962604499695797
42 val: 0.1007157251238823 0.011817370340578608
43 val: 0.10093400329351425 0.011363806812439651
44 val: 0.10100947618484497 0.011735795144412805
45 val: 0.10056065917015075 0.012250706247478276
46 val: 0.10059483796358108 0.011854496095648231
47 val: 0.10030003041028976 0.011802480733569641
48 val: 0.10024137794971466 0.011931728829520087
49 val: 0.10071999579668045 0.011072036645271597
50 val: 0.09995909333229065 0.011089320196454696
51 val: 0.09991632848978042 0.01193339710344783
52 val: 0.09959376156330109 0.01164246735927752
53 val: 0.10000271946191788 0.01110971198717746
54 val: 0.09957078695297242 0.011194351807675834
55 val: 0.09970788508653641 0.01181061014034308
56 val: 0.09958845376968384 0.011727464532396882
57 val: 0.09969892054796219 0.01166962410757956
58 val: 0.09930438697338104 0.011863087659283397
59 val: 0.09929638952016831 0.011067227119800458
60 val: 0.09860661029815673 0.011609437830541447
61 val: 0.09868847578763962 0.010947682394201347
62 val: 0.09877484440803527 0.011394877370558514
63 val: 0.09899957925081253 0.011830700279282427
64 val: 0.09883932024240494 0.011976952406309698
65 val: 0.09822459518909454 0.012357644441267445
66 val: 0.09882593899965286 0.011966876878811004
67 val: 0.09856554716825486 0.01165659406299106
68 val: 0.09772212654352189 0.01119495173159472
69 val: 0.09820209294557572 0.011440415091774223
70 val: 0.09842564910650253 0.011291154718841158
