1 val: 0.1357320636510849 0.008217186461928927
2 val: 0.13337957561016084 0.011293122645497826
3 val: 0.13289825916290282 0.010960423899163928
4 val: 0.1322786495089531 0.01188941092147715
5 val: 0.13131703138351442 0.012039683091570299
6 val: 0.13045768886804582 0.012640717578149068
7 val: 0.13058821260929107 0.011882014269650501
8 val: 0.1301985889673233 0.012649792819681588
9 val: 0.13038057684898377 0.01201218057259168
10 val: 0.13028011620044708 0.012660893174549786
11 val: 0.13045205920934677 0.012533821440736422
12 val: 0.13056694567203522 0.012187949039724295
13 val: 0.13041822910308837 0.012435476125380833
14 val: 0.12983619570732116 0.012605892779484288
15 val: 0.13035644292831422 0.01254637940037869
16 val: 0.12922066897153855 0.012213974364252984
17 val: 0.12930447310209275 0.011887369452453509
18 val: 0.12956514358520507 0.012130117731111589
19 val: 0.12937437295913695 0.011733768185066837
20 val: 0.12859771996736527 0.012355937636762295
21 val: 0.12872079610824586 0.012544250229504084
22 val: 0.12873000651597977 0.012171606214643573
23 val: 0.12866887748241423 0.01254623575553924
24 val: 0.12844718992710114 0.012556840391581779
25 val: 0.12844646871089935 0.012600955476199415
26 val: 0.12839872688055037 0.012150348410614553
27 val: 0.12783415913581847 0.012338892711589016
28 val: 0.12791719734668733 0.012402372315926644
29 val: 0.12732358872890473 0.01253057316002152
30 val: 0.12803557366132737 0.0123111768535055
31 val: 0.12818272709846495 0.012844585364943878
32 val: 0.12792140394449233 0.012868547880937274
33 val: 0.12807280868291854 0.012008185762290043
34 val: 0.127686770260334 0.012274932444653575
35 val: 0.12723057717084885 0.012560443439475818
36 val: 0.1278623655438423 0.012455942954564253
37 val: 0.12754184603691102 0.012676632383719227
38 val: 0.12774644196033477 0.011868679480709526
39 val: 0.12729979455471038 0.01181661232313749
40 val: 0.12789482474327088 0.01183867367327786
41 val: 0.12639683336019517 0.012768419409437553
42 val: 0.1278231918811798 0.011799980998227207
43 val: 0.12690874338150024 0.012433130572634043
44 val: 0.12686403691768647 0.012142782330552219
45 val: 0.12703867107629777 0.011860780369989417
46 val: 0.12672656774520874 0.013063153740668238
47 val: 0.12682352364063262 0.012426801865660028
48 val: 0.12705435156822203 0.012108036345813497
49 val: 0.1275601416826248 0.012725698702369705
50 val: 0.12714444994926452 0.012413126073900044
