1 val: 0.13295743316411973 0.010612118644070958
2 val: 0.1290184050798416 0.010881126567308169
3 val: 0.1265660911798477 0.011775090873832854
4 val: 0.12458715587854385 0.012294141573172174
5 val: 0.12464440166950226 0.012665194721524652
6 val: 0.12408620864152908 0.012665213926697307
7 val: 0.12441736161708832 0.01237847802003307
8 val: 0.12398147433996201 0.012801163996976414
9 val: 0.1241825520992279 0.01261648539358254
10 val: 0.1243007555603981 0.012891667442109152
11 val: 0.1243492379784584 0.012489049968976935
12 val: 0.12437510639429092 0.012861271745669114
13 val: 0.12456380128860474 0.012731756594632765
14 val: 0.12406542301177978 0.012815977982637202
15 val: 0.12403511852025986 0.012719032034697653
16 val: 0.12444958984851837 0.012724311280769732
17 val: 0.12403479665517807 0.01269967220746463
18 val: 0.12440206259489059 0.012946604222498631
19 val: 0.12476580888032913 0.012758973682007122
20 val: 0.12423189431428909 0.012797535290225849
21 val: 0.1239872008562088 0.01251902245618463
22 val: 0.1239748939871788 0.012272689207009219
23 val: 0.12379385977983474 0.01284522625965836
24 val: 0.12389587014913558 0.013065747909722678
25 val: 0.12369905263185502 0.013208080213320263
26 val: 0.1237041935324669 0.013335395349952315
27 val: 0.1233300507068634 0.012698691250590496
28 val: 0.12400873601436616 0.013010416996165754
29 val: 0.12343527674674988 0.01302560832206681
30 val: 0.12355153411626815 0.013055490884874987
31 val: 0.12291371524333954 0.013393276861128425
32 val: 0.12346502244472504 0.013145921584540395
33 val: 0.12317968904972076 0.012432347567396527
34 val: 0.12295288294553756 0.012619575591450573
35 val: 0.1228751853108406 0.013084360091606613
36 val: 0.12290466576814651 0.012727138089228868
37 val: 0.12278559207916259 0.013497449031139886
38 val: 0.12296836376190186 0.012704027727306968
39 val: 0.12230785638093948 0.012769142113021884
40 val: 0.12271367162466049 0.012689019414321663
41 val: 0.12236281186342239 0.01259356138663439
42 val: 0.12183872908353806 0.012786713789084669
43 val: 0.12212870866060258 0.012520773207106482
44 val: 0.12221545875072479 0.012292451231684353
45 val: 0.12246230095624924 0.012712521921746983
46 val: 0.12249463051557541 0.012762668770207429
47 val: 0.12254144847393036 0.01310417983554572
48 val: 0.12184537947177887 0.013133152688003448
49 val: 0.12205266803503037 0.012626796909344994
50 val: 0.1221105545759201 0.012860881474554298
