1 val: 0.08738276958465577 0.008147267065694599
2 val: 0.08648703545331955 0.008519324094441467
3 val: 0.08369111269712448 0.009650067718491015
4 val: 0.08241565227508545 0.008951326647934191
5 val: 0.08086762130260468 0.008900343500350412
6 val: 0.0798065945506096 0.009106774248417389
7 val: 0.07891881465911865 0.00914814627688907
8 val: 0.07825490236282348 0.008798281823966383
9 val: 0.07776616662740707 0.008882817150263041
10 val: 0.07737704068422317 0.008790093704197347
11 val: 0.07686910331249237 0.009029006705256614
12 val: 0.07675483077764511 0.009027253141890844
13 val: 0.07648325264453888 0.008829471948444276
14 val: 0.07644284516572952 0.008769787597509076
15 val: 0.07611395120620727 0.008946171979100465
16 val: 0.07581500709056854 0.008949630865348756
17 val: 0.07583139538764953 0.009165107561405561
18 val: 0.0755015879869461 0.0090438892533852
19 val: 0.07575624138116836 0.00930718488142499
20 val: 0.07527411133050918 0.00897769171943222
21 val: 0.07538901865482331 0.009232089314823664
22 val: 0.07534603029489517 0.009093013438935389
23 val: 0.0753886193037033 0.009028841425925877
24 val: 0.07504418939352035 0.009149729110863989
25 val: 0.07514966130256653 0.00899131099016439
26 val: 0.07492046654224396 0.008749915824410783
27 val: 0.075099977850914 0.008795732277276608
28 val: 0.07476929128170014 0.008853660105889923
29 val: 0.0747358039021492 0.008720075002946533
30 val: 0.07474183142185212 0.008830067898811021
31 val: 0.07472672462463378 0.008723490396482523
32 val: 0.07464468032121659 0.009020546193625103
33 val: 0.07437191307544708 0.008876844597209225
34 val: 0.07458634674549103 0.008649705904923142
35 val: 0.07454341053962707 0.008797990551798411
36 val: 0.0742836356163025 0.008878191924673522
37 val: 0.0745734691619873 0.008901624883918918
38 val: 0.07439426630735398 0.008899046009849636
39 val: 0.07427689135074615 0.009077070174495348
40 val: 0.0741767093539238 0.008858371015170518
41 val: 0.07407280057668686 0.009271609956125798
42 val: 0.07386236935853958 0.009106752176222708
43 val: 0.07409772276878357 0.009289681688693251
44 val: 0.07393872737884521 0.009276347025813756
45 val: 0.07381078749895095 0.009159210963392317
46 val: 0.07403700649738312 0.009286333691095388
47 val: 0.07405519783496857 0.009381020915827244
48 val: 0.07377882301807404 0.009402176214888197
49 val: 0.07375835925340653 0.009206362465335705
50 val: 0.07389155179262161 0.009405418323567631
51 val: 0.07378316521644593 0.009315116458374142
52 val: 0.07381122410297394 0.009355694493922477
53 val: 0.07386972606182099 0.009306472447009797
54 val: 0.0737847626209259 0.009411296597733093
55 val: 0.0740280106663704 0.009340591265275191
56 val: 0.07377733588218689 0.009357346771067735
57 val: 0.07373103499412537 0.009307228789856887
58 val: 0.07354470789432525 0.009383292588592865
59 val: 0.07375658601522446 0.009322381777930882
60 val: 0.07366623729467392 0.009104199183988243
61 val: 0.07379724532365799 0.009089148756860553
62 val: 0.07357672601938248 0.0094154002406495
63 val: 0.07357812076807022 0.00926855057180366
64 val: 0.07369535863399505 0.0092088026961694
65 val: 0.07364174276590348 0.009363005866975199
66 val: 0.07392865568399429 0.009191418558341536
67 val: 0.07367602735757828 0.009282844319020697
68 val: 0.07363532185554504 0.00925133049425798
69 val: 0.07362075597047806 0.009297207180775284
70 val: 0.07362829744815827 0.009266168175308087
