1 val: 0.09423579871654511 0.008985941234335267
2 val: 0.09202325940132142 0.009043151349406876
3 val: 0.0909757748246193 0.010404124826441074
4 val: 0.09094236344099045 0.01210763612806212
5 val: 0.08979878276586532 0.01292425856946785
6 val: 0.08765895962715149 0.012572059746950762
7 val: 0.08555079847574235 0.013953894094927713
8 val: 0.0830114021897316 0.012480217955520774
9 val: 0.08124271035194397 0.012241726856657588
10 val: 0.07952173352241516 0.011572882281416319
11 val: 0.07811886966228485 0.01141310197309604
12 val: 0.07748860716819764 0.012167229237333588
13 val: 0.07648465037345886 0.011377170265375977
14 val: 0.07548260241746903 0.011368675124835569
15 val: 0.0749200627207756 0.010905816370349647
16 val: 0.0741740882396698 0.010803327140690936
17 val: 0.07360333502292633 0.010918629940444886
18 val: 0.07338979691267014 0.010889792127975502
19 val: 0.07291358262300492 0.010633679522591075
20 val: 0.07217791676521301 0.010888388951113053
21 val: 0.07192694544792175 0.010803911088680052
22 val: 0.07187245190143585 0.010965819674658834
23 val: 0.07156621664762497 0.010628513104062829
24 val: 0.07125093787908554 0.010654151358603852
25 val: 0.07115703523159027 0.01068628007980552
26 val: 0.0709426760673523 0.010251605125074795
27 val: 0.07069171816110612 0.010645509288631292
28 val: 0.07048406153917312 0.010414132720852263
29 val: 0.07051782682538033 0.010564852490927793
30 val: 0.07019588500261306 0.010513367249276205
31 val: 0.06995980441570282 0.010284858312845575
32 val: 0.07004548758268356 0.010476526505550773
33 val: 0.06994193941354751 0.01031739586562313
34 val: 0.06956748887896538 0.009929695232679876
35 val: 0.06963191777467728 0.010556289735818762
36 val: 0.06943754851818085 0.010134751786316926
37 val: 0.06930049732327462 0.0101792935947442
38 val: 0.06910892724990844 0.010229742404570762
39 val: 0.06932565942406654 0.010424339096974034
40 val: 0.06921016573905944 0.010352469351598849
41 val: 0.06902980282902718 0.010203302211921854
42 val: 0.06899511143565178 0.01017933523013962
43 val: 0.06889079883694649 0.010192185148611876
44 val: 0.06898888573050499 0.010381980110957601
45 val: 0.06891678273677826 0.010218654058735753
46 val: 0.06877813786268235 0.009895902058799195
47 val: 0.0685325637459755 0.010171860752257794
48 val: 0.06868313327431678 0.009924467364117374
49 val: 0.06841835677623749 0.010106585814285121
50 val: 0.06868459209799767 0.009957248815228094
51 val: 0.06861942932009697 0.010279388205409797
52 val: 0.06836260482668877 0.010164259696228977
53 val: 0.06855104565620422 0.010048147459470552
54 val: 0.0684657335281372 0.010288756830182289
55 val: 0.06811439767479896 0.00967916339117537
56 val: 0.06826329827308655 0.009932683814942877
57 val: 0.06833191066980362 0.009972526937040514
58 val: 0.06824301108717919 0.010157333943104587
59 val: 0.06829947605729103 0.009988267640265863
60 val: 0.06824403256177902 0.009866437961358377
61 val: 0.06817860603332519 0.009694795613904376
62 val: 0.0680498719215393 0.010146176632781318
63 val: 0.06809365525841712 0.009933107996213858
64 val: 0.06828537955880165 0.009983713189838686
65 val: 0.06797178313136101 0.00993461067412725
66 val: 0.06817217096686363 0.009843281126836214
67 val: 0.06808120459318161 0.009737496837458904
68 val: 0.06803615763783455 0.009981281119179274
69 val: 0.06788587495684624 0.009827993260172559
70 val: 0.06808487251400948 0.010193430528295572
