1 val: 0.09221474379301071 0.008871131875443722
2 val: 0.09153940826654434 0.009110822497714633
3 val: 0.0914612054824829 0.009238833690732442
4 val: 0.09162706583738327 0.007548598571566599
5 val: 0.09095815271139145 0.007150649109241765
6 val: 0.09034297168254853 0.00787587432484254
7 val: 0.08969001770019532 0.008216201864246651
8 val: 0.08976668566465378 0.008106364260513923
9 val: 0.09000518172979355 0.00864902296645068
10 val: 0.08905445635318757 0.008673488716938776
11 val: 0.08890511393547058 0.008649085040767099
12 val: 0.08862174153327942 0.008519640006517459
13 val: 0.08829189091920853 0.008692950725157507
14 val: 0.08775371313095093 0.008385254937326683
15 val: 0.08825647681951523 0.00841784720661036
16 val: 0.08760943859815598 0.008453614223423611
17 val: 0.0875940665602684 0.008422944347316361
18 val: 0.08718921393156051 0.008704932702852936
19 val: 0.08773442059755325 0.009052659583553025
20 val: 0.0866454303264618 0.00874787070326558
21 val: 0.08686238825321198 0.009143664951552555
22 val: 0.08667827248573304 0.009140950957856353
23 val: 0.08672920614480972 0.009097234525352424
24 val: 0.08673798739910125 0.009122413249751863
25 val: 0.08664066940546036 0.009168368432862116
26 val: 0.08629345148801804 0.008968115990649488
27 val: 0.08576856255531311 0.0090294223240128
28 val: 0.0856625035405159 0.008778174886256821
29 val: 0.08594661056995392 0.009180135680266951
30 val: 0.08575522303581237 0.009409957681935071
31 val: 0.0855704441666603 0.008892158301874903
32 val: 0.08576947003602982 0.009272202631742112
33 val: 0.0855310618877411 0.009168466250925319
34 val: 0.08551329672336579 0.00896710495859433
35 val: 0.08504513949155808 0.008874242304072907
36 val: 0.08505883365869522 0.00917525338173422
37 val: 0.08535445928573608 0.009243203144530199
38 val: 0.08550968319177628 0.009120184012446068
39 val: 0.08531261384487152 0.009517754554716347
40 val: 0.08539707809686661 0.008848465234770167
41 val: 0.08506917953491211 0.009316373725723795
42 val: 0.08504989743232727 0.00908899355886635
43 val: 0.08503328114748002 0.009450582544407643
44 val: 0.08497811704874039 0.009363287060077071
45 val: 0.0848254382610321 0.009664706878047177
46 val: 0.08496864438056946 0.009282942743072021
47 val: 0.08483231961727142 0.009372700976021265
48 val: 0.0850483626127243 0.00936258056520597
49 val: 0.08504788875579834 0.009138429781629813
50 val: 0.08471821397542953 0.00898942608875808
51 val: 0.08461081832647324 0.009345521090107771
52 val: 0.08454332947731018 0.00934652715827583
53 val: 0.08469045013189316 0.00926522051677988
54 val: 0.08490788042545319 0.009240827779605448
55 val: 0.0847328171133995 0.009367592720758471
56 val: 0.08467143177986144 0.009463184378360768
57 val: 0.084914530813694 0.00942029546231698
58 val: 0.08436087518930435 0.00961853951234388
59 val: 0.08473106473684311 0.009241622247520577
60 val: 0.08419931828975677 0.009345522189061784
61 val: 0.08432422578334808 0.009389985466511987
62 val: 0.08467758893966675 0.009742435456783391
63 val: 0.08436907678842545 0.009381440715561667
64 val: 0.08416513204574586 0.009928756264475343
65 val: 0.0842580571770668 0.01000693462739416
66 val: 0.0842864528298378 0.009505193190071301
67 val: 0.0842408835887909 0.009841041072517601
68 val: 0.08428476154804229 0.009747221806448625
69 val: 0.08409305810928344 0.009602885985234132
70 val: 0.08447038531303405 0.009981852912681947
