1 val: 0.11684088855981827 0.009861323091634486
2 val: 0.11516081243753433 0.01301289077086249
3 val: 0.11195352375507354 0.015144981312394805
4 val: 0.10867880582809449 0.01421238598517104
5 val: 0.1061323344707489 0.01306976877193968
6 val: 0.10408475697040558 0.013160975515570264
7 val: 0.1026577278971672 0.013065026126114116
8 val: 0.10166827142238617 0.013008382418644188
9 val: 0.10060021877288819 0.012863422537223635
10 val: 0.1003930538892746 0.013239270221989981
11 val: 0.09993819445371628 0.012698593793966935
12 val: 0.09972802698612213 0.013415158519271686
13 val: 0.099686761200428 0.012911206326445332
14 val: 0.0990105614066124 0.013241164478578435
15 val: 0.09898857772350311 0.012588608792339837
16 val: 0.09851898849010468 0.01223328608020577
17 val: 0.09838923662900925 0.012752323138056345
18 val: 0.09804205298423767 0.012413400736585211
19 val: 0.09764242619276046 0.01288853747048507
20 val: 0.09755772054195404 0.01218093897616342
21 val: 0.09742267280817032 0.012334870422137493
22 val: 0.09699606895446777 0.012514394739574658
23 val: 0.09698063433170319 0.012289673194325397
24 val: 0.09666491150856019 0.013128157913999195
25 val: 0.09672253131866455 0.012367468402590589
26 val: 0.09645584374666213 0.012039966369353287
27 val: 0.09619924575090408 0.012429722552837464
28 val: 0.09639654904603959 0.012326978936868878
29 val: 0.09582785964012146 0.012955769668595789
30 val: 0.09562661796808243 0.012684146832019854
31 val: 0.09607765376567841 0.0123430297167538
32 val: 0.09567860215902328 0.01247999876696756
33 val: 0.09563664197921753 0.012452698730674902
34 val: 0.09547991901636124 0.012218915905347997
35 val: 0.0948280781507492 0.012513805628745578
36 val: 0.09493949115276337 0.011608187515486514
37 val: 0.09472462236881256 0.012033607212322328
38 val: 0.09513456374406815 0.012234693798393474
39 val: 0.09476116299629211 0.012245555554161807
40 val: 0.09477106779813767 0.012160200614635991
41 val: 0.09442553222179413 0.012071854565898536
42 val: 0.09434805065393448 0.011996976494880053
43 val: 0.09427715986967086 0.012281358822059336
44 val: 0.09451002031564712 0.012174638504236286
45 val: 0.09428615719079972 0.012371959450274377
46 val: 0.09414825588464737 0.011950780235394245
47 val: 0.09415286183357238 0.0120754841185425
48 val: 0.0941565603017807 0.011958913654507042
49 val: 0.09450611174106598 0.012369830408802119
50 val: 0.09473150372505187 0.012108842072495001
