1 val: 0.13260414451360703 0.012310007046320817
2 val: 0.1312385767698288 0.01207185889976399
3 val: 0.1308585897088051 0.01271809639997514
4 val: 0.13066049963235854 0.012443427467908965
5 val: 0.13012714684009552 0.012580700772186204
6 val: 0.1303877830505371 0.012000349978667803
7 val: 0.13046966940164567 0.011788234350015542
8 val: 0.13063768893480301 0.012486974422153673
9 val: 0.12997073531150818 0.012059670790520685
10 val: 0.1303217589855194 0.012505071430637798
11 val: 0.13032134622335434 0.01255099301200464
12 val: 0.12986476868391036 0.012669368201770176
13 val: 0.13013571202754975 0.012779153519781417
14 val: 0.1291520595550537 0.01303124158346745
15 val: 0.13006565421819688 0.012724639965820609
16 val: 0.1286078706383705 0.012537281090057913
17 val: 0.128969506919384 0.012991381280886487
18 val: 0.12916379272937775 0.012576714845793252
19 val: 0.12932860404253005 0.012583317374313903
20 val: 0.12888260036706925 0.012474084773471334
21 val: 0.12907594442367554 0.012756586748595405
22 val: 0.12897349447011947 0.012382351144384006
23 val: 0.12876336574554442 0.012090885597640384
24 val: 0.12940680235624313 0.012967657543871728
25 val: 0.12888424843549728 0.012375722940445472
26 val: 0.12923884242773057 0.012210408086631451
27 val: 0.12882691323757173 0.01267720942966352
28 val: 0.12883009016513824 0.011910546971329
29 val: 0.12894783914089203 0.012816478610291377
30 val: 0.12904114574193953 0.011575070443228747
31 val: 0.1294500544667244 0.012117667998522515
32 val: 0.12954251170158387 0.012280902595986937
33 val: 0.12908270955085754 0.011174012814813476
34 val: 0.12884982228279113 0.01239629148110212
35 val: 0.12887714058160782 0.011745018311461576
36 val: 0.12940861731767656 0.011641224528843691
37 val: 0.1292475238442421 0.011617938063429005
38 val: 0.1294483721256256 0.011483898510272466
39 val: 0.12922023087739945 0.01106457228087814
40 val: 0.13005487322807313 0.01081093946239831
41 val: 0.1288022443652153 0.012075357486838677
42 val: 0.12892445921897888 0.010610842911597715
43 val: 0.1289544016122818 0.011145336325117548
44 val: 0.12906802743673323 0.01119401486807155
45 val: 0.1292416751384735 0.010242524546489409
46 val: 0.1295366182923317 0.011202286692937503
47 val: 0.1290183737874031 0.010309149862999795
48 val: 0.12920868545770645 0.011057178760211688
49 val: 0.12946763932704924 0.011220082688411617
50 val: 0.12896418273448945 0.011023057134113546
