1 val: 0.09049484133720398 0.009474092294320368
2 val: 0.08965578526258469 0.009706620535408923
3 val: 0.08933417350053788 0.010044863609659236
4 val: 0.08750171512365341 0.01062397580302591
5 val: 0.08658237159252166 0.009690410213189407
6 val: 0.08529509007930755 0.010173106346179527
7 val: 0.08396708965301514 0.010274658592019778
8 val: 0.08294091075658798 0.010408091139582298
9 val: 0.08224811404943466 0.010522407294733646
10 val: 0.0816785991191864 0.011110836230650007
11 val: 0.08070107400417328 0.010815337711453193
12 val: 0.08036664426326752 0.010579856164105915
13 val: 0.07972650527954102 0.010843926318084516
14 val: 0.07922450304031373 0.010858805906053048
15 val: 0.07875393182039261 0.011221957675089808
16 val: 0.07854132801294327 0.010553355424224095
17 val: 0.07828578054904937 0.010416306079730545
18 val: 0.07819831967353821 0.010478448983177324
19 val: 0.07795925289392472 0.01010313400355011
20 val: 0.07765680104494095 0.010244357324845804
21 val: 0.07745101004838943 0.010310112851369672
22 val: 0.07711422294378281 0.010177200406473332
23 val: 0.07701036334037781 0.0100393156910529
24 val: 0.07724413722753525 0.010273817167486952
25 val: 0.07695398926734924 0.010380125865759374
26 val: 0.07690621614456176 0.00987823331452683
27 val: 0.07682104408740997 0.010290865169488671
28 val: 0.07616842389106751 0.010026858308582867
29 val: 0.07627870738506318 0.010015239073164277
30 val: 0.07626554518938064 0.009718893714804035
31 val: 0.07618633210659027 0.009713910502289475
32 val: 0.07605274021625519 0.009692678192435016
33 val: 0.0760918989777565 0.010060702418122404
34 val: 0.0758417397737503 0.009719101180242065
35 val: 0.07534898817539215 0.010052017327573534
36 val: 0.07535419464111329 0.009956299314230156
37 val: 0.07547836303710938 0.010041610390465087
38 val: 0.07547243237495423 0.010014843144682374
39 val: 0.0753511369228363 0.010156999141291772
40 val: 0.07515144497156143 0.00996204011947889
41 val: 0.0751961663365364 0.01005321088779802
42 val: 0.07509891986846924 0.010104744253482978
43 val: 0.07507729381322861 0.010206474955345027
44 val: 0.0748015284538269 0.00999880578990249
45 val: 0.07515028417110443 0.010068272185333205
46 val: 0.07481982707977294 0.010017363974180599
47 val: 0.07506611943244934 0.009959898865108641
48 val: 0.07496885508298874 0.010196894720445953
49 val: 0.07475212663412094 0.010111164299020692
50 val: 0.07477786242961884 0.009799126047486124
51 val: 0.07470925152301788 0.009949458426666799
52 val: 0.07472362965345383 0.00995247601013859
53 val: 0.0747835174202919 0.00986677597856609
54 val: 0.07481982558965683 0.009906049784086185
55 val: 0.07487283200025559 0.009805619986188379
56 val: 0.07463612258434296 0.009790463722013563
57 val: 0.07472565472126007 0.010119617954979808
58 val: 0.07460282146930694 0.009761439912483
59 val: 0.07459078282117844 0.009908066876903956
60 val: 0.07467495203018189 0.009794367854362244
61 val: 0.07449866533279419 0.010049767796177866
62 val: 0.07465527206659317 0.009884539385562063
63 val: 0.07452496737241746 0.009771040658050546
64 val: 0.074579156935215 0.01013610669557654
65 val: 0.07437852472066879 0.009706443255479954
66 val: 0.07443823367357254 0.009831136985039781
67 val: 0.07444979250431061 0.009749147252620717
68 val: 0.07458695471286773 0.009847957610787245
69 val: 0.07450494915246964 0.009776948332852697
70 val: 0.0745903804898262 0.0100111855013507
