1 val: 0.1047271504998207 0.008938097368762757
2 val: 0.10445374250411987 0.008877369319354542
3 val: 0.10393496751785278 0.009011135501361197
4 val: 0.10409980416297912 0.008924434867955227
5 val: 0.10344423055648803 0.008737536582204948
6 val: 0.103701913356781 0.00945162726563757
7 val: 0.10471681505441666 0.009653315245404552
8 val: 0.10484549105167389 0.011537014301365256
9 val: 0.10581427961587905 0.012412142707064373
10 val: 0.10515609681606293 0.011768861071693497
11 val: 0.10487026870250701 0.01146165417530747
12 val: 0.10558786541223526 0.01151648750944667
13 val: 0.10534336417913437 0.011860318426349303
14 val: 0.10650255531072617 0.012038223750749978
15 val: 0.1070927083492279 0.011971566737700572
16 val: 0.10612181276082992 0.012370521401839233
17 val: 0.10647496730089187 0.012198453722099012
18 val: 0.10584529340267182 0.011921347916010218
19 val: 0.10584772378206253 0.012752971639148654
20 val: 0.1054757297039032 0.013015964697932295
21 val: 0.1053121492266655 0.01311959922617056
22 val: 0.1043641597032547 0.013224757054927374
23 val: 0.10409708917140961 0.013368469389541787
24 val: 0.1041087880730629 0.012855843795514127
25 val: 0.10355474352836609 0.013638050539169996
26 val: 0.10340054631233216 0.013087526162807152
27 val: 0.10240232050418854 0.013631293853606188
28 val: 0.10278198570013046 0.013708164821609052
29 val: 0.1024204283952713 0.013624844604219939
30 val: 0.10169467180967331 0.012951333394801152
31 val: 0.10164868831634521 0.012353977767644676
32 val: 0.10098208039999008 0.012387173584620562
33 val: 0.1006331816315651 0.011972577114873855
34 val: 0.10044771134853363 0.011880535325668042
35 val: 0.10025548040866852 0.012433574993776175
36 val: 0.09925533235073089 0.011421248400298767
37 val: 0.0994443267583847 0.011539863813744345
38 val: 0.09910200387239457 0.011009928085058485
39 val: 0.09927336275577545 0.011349757831726055
40 val: 0.09844823330640792 0.01109661559782156
41 val: 0.09834246039390564 0.010789767251371535
42 val: 0.09809279888868332 0.011149248580050373
43 val: 0.0976395845413208 0.010726610399436624
44 val: 0.09763416796922683 0.011068348197624192
45 val: 0.09707293063402175 0.010975697804612758
46 val: 0.09705570191144944 0.010935549757148793
47 val: 0.09711748659610749 0.010896392491786547
48 val: 0.09686036854982376 0.010187377706378354
49 val: 0.09710389077663421 0.010781918032157011
50 val: 0.09622696191072463 0.010161764681873508
51 val: 0.09644888937473298 0.010876455217713634
52 val: 0.09612856209278106 0.010748440075102915
53 val: 0.09599954783916473 0.01070012341426616
54 val: 0.0960177630186081 0.010178475388707291
55 val: 0.09609463214874267 0.010594879608539694
56 val: 0.09574538171291351 0.01081833353567255
57 val: 0.09605582654476166 0.010572120543855926
58 val: 0.09574921429157257 0.01105989586306201
59 val: 0.09626094102859498 0.010176122062090835
60 val: 0.09489245563745499 0.010784240272806623
61 val: 0.09498747140169143 0.010571619920770669
62 val: 0.09534599781036376 0.011151330410958931
63 val: 0.09560178518295288 0.010165200723135152
64 val: 0.09520063996315002 0.010861050578460258
65 val: 0.09482519775629043 0.010925485929092087
66 val: 0.09504523575305938 0.010679537104026285
67 val: 0.09481544494628906 0.011195549478793929
68 val: 0.09454785585403443 0.01034390297134354
69 val: 0.09515839666128159 0.010732287906741926
70 val: 0.0950527086853981 0.010218918337997174
