1 val: 0.13496560752391815 0.0107815973881656
2 val: 0.1293630301952362 0.011105951376317195
3 val: 0.1267721727490425 0.011944030723281068
4 val: 0.12476329207420349 0.012215112309590024
5 val: 0.1238315761089325 0.012735406968745313
6 val: 0.12248042374849319 0.012467910900881587
7 val: 0.1224730834364891 0.0123400645356922
8 val: 0.12217960357666016 0.012678220233812649
9 val: 0.12184496372938156 0.012257387196305404
10 val: 0.12226697653532029 0.01281161059349966
11 val: 0.12222308367490768 0.01251913197128404
12 val: 0.12176601737737655 0.012819713820689468
13 val: 0.12199910432100296 0.012667737592687196
14 val: 0.12223431169986725 0.012256623485891982
15 val: 0.12207593023777008 0.012463256582005202
16 val: 0.12254210263490677 0.012348278386843249
17 val: 0.12210324555635452 0.012676222346398846
18 val: 0.12225617319345475 0.01290842930988461
19 val: 0.12199834734201431 0.012604498582794428
20 val: 0.12192927896976472 0.013362578002663331
21 val: 0.12161103934049607 0.012889689344255665
22 val: 0.12198878824710846 0.012709554964364371
23 val: 0.1218943789601326 0.01286288079075646
24 val: 0.12187524437904358 0.012792410574396337
25 val: 0.12141528129577636 0.012012707253827672
26 val: 0.12185029238462448 0.012610858378661216
27 val: 0.12153945118188858 0.013014774062248727
28 val: 0.12167747467756271 0.012787786081228427
29 val: 0.12144350409507751 0.013284934201913871
30 val: 0.12090398222208024 0.01250180883907486
31 val: 0.12124435007572174 0.012482727737345618
32 val: 0.12054900377988816 0.012730420260125665
33 val: 0.12121888250112534 0.012983285145177336
34 val: 0.12152073085308075 0.013250822451650702
35 val: 0.12138670533895493 0.013161636995228057
36 val: 0.12060243338346481 0.01223172215775484
37 val: 0.12117037028074265 0.01281240277887259
38 val: 0.121070297062397 0.012682694876016556
39 val: 0.12090555429458619 0.011928592519962674
40 val: 0.12056404054164886 0.011948190500689206
41 val: 0.12041614800691605 0.012305663019607617
42 val: 0.12023178488016129 0.012480055273631425
43 val: 0.11979815363883972 0.012334172590745448
44 val: 0.12009459882974624 0.012068413608969207
45 val: 0.12005415260791778 0.012449530172511748
46 val: 0.11978041231632233 0.01208381003627594
47 val: 0.12063678354024887 0.012578731954743598
48 val: 0.1198661133646965 0.012173858093902258
49 val: 0.12025370895862579 0.01219411540326885
50 val: 0.12021210193634033 0.012253695573577682
