1 val: 0.09210705012083054 0.008406356043139373
2 val: 0.09132261276245117 0.0086838632525259
3 val: 0.09089229851961136 0.008642934256585758
4 val: 0.09011388868093491 0.009123833570164693
5 val: 0.09007899910211563 0.009934457366315725
6 val: 0.08841938078403473 0.011132402090661398
7 val: 0.08640879541635513 0.011022137407413887
8 val: 0.08458998054265976 0.010324968149131083
9 val: 0.08304156810045242 0.010008021617193951
10 val: 0.08206353038549423 0.01031591237919205
11 val: 0.08089849948883057 0.009288785369774857
12 val: 0.07977979183197022 0.0094849592866285
13 val: 0.07888428419828415 0.009704858495299047
14 val: 0.07799426466226578 0.009326723411879357
15 val: 0.07773845046758651 0.00910812026428888
16 val: 0.07691360861063004 0.009287678847772759
17 val: 0.07642250508069992 0.009477276907696347
18 val: 0.07592128366231918 0.009556265124383215
19 val: 0.07557835429906845 0.009297046484429371
20 val: 0.07502335458993911 0.009560877055309955
21 val: 0.07481486946344376 0.009688166534387827
22 val: 0.07443233728408813 0.009715409573289379
23 val: 0.07433028221130371 0.009670747030859765
24 val: 0.07416813224554061 0.00964394359838005
25 val: 0.0741479828953743 0.009846148562220441
26 val: 0.07398535758256912 0.009623879362295633
27 val: 0.07375846952199935 0.009658695433123555
28 val: 0.07335293740034103 0.009654605809779091
29 val: 0.07334293276071549 0.009774347465050265
30 val: 0.0734471321105957 0.009774120541895063
31 val: 0.07322987467050553 0.009836797546203127
32 val: 0.07305710762739182 0.00971826121876664
33 val: 0.07287297695875168 0.009951329130307492
34 val: 0.07283368408679962 0.00992488310813316
35 val: 0.07273346781730652 0.009740797727215585
36 val: 0.0727901428937912 0.009805217865121096
37 val: 0.07279910147190094 0.009838856915991366
38 val: 0.07254236787557602 0.010159749776814393
39 val: 0.07261084169149398 0.009729834766139176
40 val: 0.07236848175525665 0.009890736223819616
41 val: 0.07234920263290405 0.009999530568185292
42 val: 0.07239918857812881 0.009837802798808443
43 val: 0.0724109798669815 0.009646354741462726
44 val: 0.07236373126506805 0.009790110232817256
45 val: 0.07239008694887161 0.01009885472035709
46 val: 0.0721882164478302 0.009827725341006833
47 val: 0.0720805436372757 0.009786547634450285
48 val: 0.07219181358814239 0.009774914919579677
49 val: 0.07200274616479874 0.009908912091608409
50 val: 0.07195128947496414 0.009933336036434603
51 val: 0.07186351716518402 0.009836225850389874
52 val: 0.07191236466169357 0.009700917169870458
53 val: 0.07194116562604905 0.009771157416541897
54 val: 0.071889029443264 0.009956578671687465
55 val: 0.07201333791017532 0.009807323939805294
56 val: 0.0719005897641182 0.009756825538646164
57 val: 0.07196498364210129 0.009820956416212305
58 val: 0.07179447710514068 0.009999283873357695
59 val: 0.07177993208169937 0.00974339650375838
60 val: 0.07178974002599717 0.009943236873393954
61 val: 0.07170629799365998 0.009859653042635488
62 val: 0.07159713506698609 0.009840393061752752
63 val: 0.07177434116601944 0.009632136794978895
64 val: 0.07158231437206268 0.009842084775573762
65 val: 0.07162406891584397 0.009862398169820614
66 val: 0.07160628288984298 0.009840767083880073
67 val: 0.07156828939914703 0.00977303368409561
68 val: 0.07178666442632675 0.009670410930720727
69 val: 0.07140235602855682 0.009948797084252982
70 val: 0.07165465950965881 0.00980945900359002
