1 val: 0.0917918249964714 0.009309994794827869
2 val: 0.09161298573017121 0.009634330600005325
3 val: 0.09099860787391663 0.009784122245716542
4 val: 0.0903092622756958 0.009355359722932414
5 val: 0.08958402127027512 0.009672419536736495
6 val: 0.08764872997999192 0.009294671063559662
7 val: 0.08713449239730835 0.009888767051449393
8 val: 0.08577215820550918 0.010060178235622939
9 val: 0.08474863022565841 0.0095153184997582
10 val: 0.08354687392711639 0.008881225409670705
11 val: 0.08278237283229828 0.009611452196154339
12 val: 0.08211863189935684 0.00929143747922615
13 val: 0.08155022263526916 0.00923285581374464
14 val: 0.08110085129737854 0.009066141606327849
15 val: 0.08054663985967636 0.009291330770723267
16 val: 0.08040075749158859 0.009044765885851376
17 val: 0.0797407791018486 0.009202663474738896
18 val: 0.07942191064357758 0.009344138482911393
19 val: 0.07938811480998993 0.009233029159369521
20 val: 0.07879996001720428 0.009341554502323454
21 val: 0.07857180088758468 0.009519790461327393
22 val: 0.07829497009515762 0.009481257443730769
23 val: 0.0781395122408867 0.00955498184039138
24 val: 0.07803403735160827 0.009367093423842105
25 val: 0.0778065413236618 0.009454637477453724
26 val: 0.07784417867660523 0.00928635409808841
27 val: 0.07770261317491531 0.00955074883705685
28 val: 0.07765791416168213 0.009471452479324745
29 val: 0.07743205279111862 0.009450598615291376
30 val: 0.0776379719376564 0.009332948487830662
31 val: 0.0774442806839943 0.00915659380042522
32 val: 0.07722137868404388 0.009287034554323255
33 val: 0.07711264044046402 0.009385726847873114
34 val: 0.07730068415403366 0.009032569270193871
35 val: 0.07717785984277725 0.009506928012986715
36 val: 0.07714848816394806 0.009238883070283633
37 val: 0.07717032879590988 0.009410388740477161
38 val: 0.07684899717569352 0.009378182531858084
39 val: 0.07710879594087601 0.009286482951414725
40 val: 0.07714911848306656 0.009184667920872698
41 val: 0.07683927416801453 0.009176352400109413
42 val: 0.07652354687452316 0.009035580498963284
43 val: 0.07672808766365051 0.009425823340459103
44 val: 0.07664189040660858 0.00948909559065786
45 val: 0.07680484652519226 0.009618405552590845
46 val: 0.07666018903255463 0.009028161631286337
47 val: 0.07650597095489502 0.0093626024626019
48 val: 0.07662586271762847 0.009136184847588956
49 val: 0.07678789049386978 0.009208376860991924
50 val: 0.07628528326749802 0.009232454547867504
51 val: 0.0761545479297638 0.00946786343895574
52 val: 0.07644006162881851 0.009146608702814486
53 val: 0.07633653730154037 0.009266093175966158
54 val: 0.07639123499393463 0.009195441334580138
55 val: 0.07662200331687927 0.009083126695877226
56 val: 0.0762537032365799 0.009268584797198526
57 val: 0.07628758698701858 0.009343335145824805
58 val: 0.07625367194414139 0.009357074563638004
59 val: 0.07640712261199951 0.009397324891983045
60 val: 0.07641746997833251 0.009566851360937456
61 val: 0.07608817219734192 0.009218607051973367
62 val: 0.07616083472967147 0.009276444863195997
63 val: 0.07612288892269134 0.009214645674048205
64 val: 0.07613103985786437 0.00951783939065549
65 val: 0.07616901397705078 0.009424385755421956
66 val: 0.07586360871791839 0.009279441363867243
67 val: 0.07579741775989532 0.009387245920459307
68 val: 0.07595824748277664 0.009202099985272817
69 val: 0.07590549886226654 0.009132976108822397
70 val: 0.07600270062685013 0.009254204797506516
