1 val: 0.13502909243106842 0.011234887749342205
2 val: 0.1293027862906456 0.011799974910327637
3 val: 0.1271464079618454 0.011670238010319614
4 val: 0.1246112585067749 0.01216978343073444
5 val: 0.12390083521604538 0.011934212178208324
6 val: 0.1223781943321228 0.01231813592685054
7 val: 0.12231855094432831 0.012351818864196897
8 val: 0.12191794365644455 0.012657548836462482
9 val: 0.12180618792772294 0.012207282361914082
10 val: 0.12186279743909836 0.012794456302527783
11 val: 0.12190461307764053 0.012325776821399534
12 val: 0.1215728148818016 0.012330933872435402
13 val: 0.12187562733888627 0.011942635114954222
14 val: 0.12239746302366257 0.012267549960974403
15 val: 0.12207930237054825 0.01286815506269336
16 val: 0.12206531316041946 0.012664564583446768
17 val: 0.12180263549089432 0.012557042576817622
18 val: 0.12184476405382157 0.01273184406604648
19 val: 0.12181370109319686 0.01247522168269049
20 val: 0.12214050441980362 0.012953936233888467
21 val: 0.1209121122956276 0.013485018565797922
22 val: 0.12142719328403473 0.012856834147539416
23 val: 0.12105365693569184 0.012920050481358856
24 val: 0.12115337252616883 0.012843325668810484
25 val: 0.12125246077775956 0.012853640173687573
26 val: 0.12084711939096451 0.011981637808039455
27 val: 0.12071694582700729 0.012638848200261649
28 val: 0.12080014795064926 0.012976475346957476
29 val: 0.1207543358206749 0.012624729836842062
30 val: 0.12046563178300858 0.01235117682145076
31 val: 0.12079686373472213 0.01244280196669719
32 val: 0.12029030919075012 0.012660111644109857
33 val: 0.12044396251440048 0.01237454831780021
34 val: 0.12033139169216156 0.012712903498964107
35 val: 0.12056583017110825 0.013170480157793563
36 val: 0.1201798975467682 0.011991668605712593
37 val: 0.11984131038188935 0.012316547811785422
38 val: 0.12039604485034942 0.012610255743059729
39 val: 0.12043857127428055 0.012389092798955495
40 val: 0.1203682392835617 0.01239098852240536
41 val: 0.11993996500968933 0.013113010981107832
42 val: 0.1196943148970604 0.012396969705274017
43 val: 0.11975093185901642 0.012595117522336679
44 val: 0.11988815069198608 0.011903794219490057
45 val: 0.1199374333024025 0.012503993765851361
46 val: 0.11977686882019042 0.012354073893775809
47 val: 0.11994744092226028 0.01300684192563713
48 val: 0.1197771206498146 0.012603820316947947
49 val: 0.11960620135068893 0.01248690926557222
50 val: 0.1198567271232605 0.012432653684370906
