1 val: 0.09154790937900543 0.008635443855827244
2 val: 0.0907861426472664 0.008888928523274432
3 val: 0.0911385476589203 0.00925882471020634
4 val: 0.09002224206924439 0.008143164917704886
5 val: 0.09090390801429749 0.007034043455168044
6 val: 0.09030198901891709 0.007493758520506523
7 val: 0.09031384736299515 0.007551539831367497
8 val: 0.09022101163864135 0.007625786876029922
9 val: 0.0900765061378479 0.007678172451649523
10 val: 0.09029998332262039 0.007696269556293376
11 val: 0.09028440862894058 0.007642336532278877
12 val: 0.0903820276260376 0.007301686873826521
13 val: 0.08981159478425979 0.007754890482106726
14 val: 0.08993472158908844 0.007323363389032627
15 val: 0.08995137810707092 0.007799638545934789
16 val: 0.0897460475564003 0.007590566728329938
17 val: 0.08992327153682708 0.008119362842253505
18 val: 0.0897720769047737 0.007987604915709896
19 val: 0.08995789736509323 0.007696176108731351
20 val: 0.08959238976240158 0.007303879731896183
21 val: 0.08980903774499893 0.007800653935655931
22 val: 0.0894673377275467 0.008118727602037013
23 val: 0.08973784744739532 0.007971488981604371
24 val: 0.08995441496372222 0.007652547892350882
25 val: 0.08980288952589036 0.00791646788957909
26 val: 0.08998579680919647 0.007644403488062535
27 val: 0.08975874334573745 0.007930407390774039
28 val: 0.08968746662139893 0.007396367356020538
29 val: 0.08975198417901993 0.007675948217771563
30 val: 0.08975222259759903 0.007917889781005424
31 val: 0.08967584222555161 0.007567194699463049
32 val: 0.08991165459156036 0.007868165881828593
33 val: 0.08987794667482377 0.007855758284203875
34 val: 0.08961086720228195 0.007494780950904966
35 val: 0.08966093808412552 0.0076690743560125525
36 val: 0.08989156931638717 0.008180001626316543
37 val: 0.08965119570493699 0.008200209795762203
38 val: 0.08993247151374817 0.0075546553690222455
39 val: 0.08983939737081528 0.007824214741511716
40 val: 0.08946276605129241 0.007867830688850438
41 val: 0.0899948388338089 0.007650656751289261
42 val: 0.08981934785842896 0.007698728777279171
43 val: 0.08961505442857742 0.007884220776240769
44 val: 0.08972804248332977 0.00786367639244956
45 val: 0.08964813053607941 0.007610254895139181
46 val: 0.08968407362699508 0.007967725363900141
47 val: 0.0898537814617157 0.007899622540724557
48 val: 0.08968253433704376 0.007726900492790388
49 val: 0.08975839912891388 0.007781451013585306
50 val: 0.08955963104963302 0.007758970993010399
51 val: 0.0896423801779747 0.008140378432869124
52 val: 0.08935664892196656 0.007602716151184834
53 val: 0.09003293961286545 0.00788883464404097
54 val: 0.08983280509710312 0.007992335635119559
55 val: 0.08950227349996567 0.007732563230349465
56 val: 0.08986370414495468 0.007956931340619285
57 val: 0.08981956243515014 0.007937101237875248
58 val: 0.08975862860679626 0.008051345525571647
59 val: 0.0896368145942688 0.007798445362680006
60 val: 0.08972039669752122 0.008076037836350993
61 val: 0.08941083401441574 0.007803856694144373
62 val: 0.08968460857868195 0.008003429174572248
63 val: 0.08949974030256272 0.00785632004827221
64 val: 0.08975237458944321 0.007905615437738087
65 val: 0.08982257544994354 0.008170645731491158
66 val: 0.08984597623348237 0.00803583043621831
67 val: 0.08956334441900253 0.007888311592450648
68 val: 0.08976334780454635 0.00799030614787472
69 val: 0.08971834331750869 0.007974967094206172
70 val: 0.08980814665555954 0.00780340405685732
