1 val: 0.08670957386493683 0.008319541912110503
2 val: 0.0860729157924652 0.00912587785115953
3 val: 0.08328098356723786 0.009173007245274235
4 val: 0.08163415640592575 0.009153745811707173
5 val: 0.08035886883735657 0.008715566439895163
6 val: 0.07903037220239639 0.008880610168509944
7 val: 0.07805818915367127 0.008939863216983207
8 val: 0.07703680545091629 0.008820916733066952
9 val: 0.07656903266906738 0.008992106409071282
10 val: 0.0761451244354248 0.008922004986828257
11 val: 0.07572261691093445 0.009008098829721287
12 val: 0.07531561553478242 0.009146936952199751
13 val: 0.0753125861287117 0.008915393530478702
14 val: 0.07506903409957885 0.009028638590999742
15 val: 0.07493722140789032 0.00885796092472411
16 val: 0.07448495924472809 0.009155902004757592
17 val: 0.07449286580085754 0.009308905924318787
18 val: 0.07444084882736206 0.008995500760256694
19 val: 0.07442632466554641 0.009141200564578855
20 val: 0.07394750863313675 0.009181847694351776
21 val: 0.07411044090986252 0.009262273046664524
22 val: 0.07412740737199783 0.009060637237935765
23 val: 0.07403014302253723 0.00915974537047088
24 val: 0.07398123145103455 0.009249859452052233
25 val: 0.0740661308169365 0.009220210482206092
26 val: 0.07390611320734024 0.00920192958128046
27 val: 0.07389372289180755 0.009438003791822733
28 val: 0.0735746905207634 0.009310586536992366
29 val: 0.07372478991746903 0.009122878102204572
30 val: 0.07362606823444366 0.009203180811601258
31 val: 0.07373277097940445 0.009223752603573106
32 val: 0.07348353117704391 0.009183469618894123
33 val: 0.07350112497806549 0.009434474432469031
34 val: 0.07349815666675567 0.009114869158636008
35 val: 0.07346735745668412 0.00924979572214986
36 val: 0.0732734590768814 0.009140381216481365
37 val: 0.07350640296936035 0.009084924161844189
38 val: 0.07326657474040985 0.009239395082627588
39 val: 0.07334336489439011 0.009292011013747025
40 val: 0.07334161847829819 0.009222283509036021
41 val: 0.0731780081987381 0.009407407683336913
42 val: 0.07321883589029313 0.009473831814983163
43 val: 0.07333030104637146 0.009405998263248418
44 val: 0.07325926274061204 0.009379260757621891
45 val: 0.07316472679376602 0.009301435851433183
46 val: 0.07308432459831238 0.009433067997517931
47 val: 0.07327788025140762 0.009213982583751728
48 val: 0.07311513274908066 0.009242492257155802
49 val: 0.07314430624246597 0.009306351615168854
50 val: 0.07314642369747162 0.00922979806758941
51 val: 0.07303703129291535 0.009478204293660336
52 val: 0.07286732345819473 0.009508126664156147
53 val: 0.07302833050489425 0.009632005665582559
54 val: 0.0729176640510559 0.009402827586242456
55 val: 0.07286318093538284 0.009561630534752261
56 val: 0.0728302240371704 0.00951039382514015
57 val: 0.07290666550397873 0.009554475624287179
58 val: 0.0728793203830719 0.00968814143885446
59 val: 0.07290149331092835 0.009651991328766658
60 val: 0.07311252802610398 0.00940592183654618
61 val: 0.07295918762683869 0.009491003577113969
62 val: 0.07301981002092361 0.00978487651346779
63 val: 0.0728065013885498 0.00953983607370564
64 val: 0.07286519557237625 0.00961786348480857
65 val: 0.07281805872917176 0.009653704314826723
66 val: 0.07299290597438812 0.009624761653954771
67 val: 0.07293270826339722 0.009573045464025742
68 val: 0.07293350398540496 0.009662264101283355
69 val: 0.07276998460292816 0.009544940107554951
70 val: 0.07280486822128296 0.009491070769466368
