1 val: 0.09372506886720658 0.008529377725059316
2 val: 0.09230935275554657 0.009025230218242601
3 val: 0.09124583303928376 0.01036345883587865
4 val: 0.08991903513669967 0.011589977248819158
5 val: 0.0888604074716568 0.013184534984482917
6 val: 0.085952989757061 0.013138416894033408
7 val: 0.08337511122226715 0.013755146388109854
8 val: 0.08075388967990875 0.011721783573707604
9 val: 0.0787909284234047 0.011645884094397225
10 val: 0.0775246262550354 0.011637528154484046
11 val: 0.0762082278728485 0.010973267604008692
12 val: 0.07551123350858688 0.010946624026928226
13 val: 0.07404382824897766 0.010720615375069093
14 val: 0.07327068150043488 0.01064992469402811
15 val: 0.07265270054340363 0.010326215626155514
16 val: 0.07224773466587067 0.010638320049251184
17 val: 0.07169300019741058 0.01062225270049016
18 val: 0.07138567715883255 0.010352741490218588
19 val: 0.0712159365415573 0.010216555424268716
20 val: 0.07053129076957702 0.010396080822846987
21 val: 0.0705037385225296 0.010316992790314313
22 val: 0.07049037218093872 0.010381042670739127
23 val: 0.07004446089267731 0.010118432074977398
24 val: 0.06981860101222992 0.01015763153913983
25 val: 0.06990354135632515 0.010331429687757956
26 val: 0.06958796232938766 0.010200720637944673
27 val: 0.06915351673960686 0.01017151932438883
28 val: 0.06904640272259713 0.010093563185686764
29 val: 0.06909903287887573 0.009919558267243
30 val: 0.06892133206129074 0.01002957838525188
31 val: 0.06876351982355118 0.010026968776798916
32 val: 0.06841947883367538 0.010236994331346031
33 val: 0.068311557918787 0.010153708374962132
34 val: 0.0682526782155037 0.009992054344326533
35 val: 0.06846370920538902 0.010172018701965465
36 val: 0.06811499670147896 0.010122529903577156
37 val: 0.06813658401370049 0.010323046721763629
38 val: 0.0680619478225708 0.010061267161595435
39 val: 0.06806658804416657 0.010561898162956898
40 val: 0.0678649164736271 0.010293851667323441
41 val: 0.0676984503865242 0.010314661982566942
42 val: 0.06770387291908264 0.01017467452239552
43 val: 0.06777777075767517 0.010008683527034162
44 val: 0.06766997799277305 0.009979352750122378
45 val: 0.06753602474927903 0.010247486529308686
46 val: 0.0677369438111782 0.010232944370759106
47 val: 0.06736936941742896 0.009800563972579095
48 val: 0.06726673990488052 0.009959105339593365
49 val: 0.067116978764534 0.00982684782141039
50 val: 0.06740781888365746 0.01015764138335951
51 val: 0.06716938093304634 0.010098794275811016
52 val: 0.06702793166041374 0.010028851416829418
53 val: 0.0672471322119236 0.00993960733259542
54 val: 0.06695458739995956 0.009990525525843999
55 val: 0.066932812333107 0.009953459681843413
56 val: 0.06684205383062362 0.009973447050811803
57 val: 0.06682293638586997 0.010051952163176647
58 val: 0.06690387651324273 0.01015807830281496
59 val: 0.06695198863744736 0.010014563955046933
60 val: 0.06663047671318054 0.010061674909972286
61 val: 0.06658118665218353 0.010174674777967213
62 val: 0.06646649017930031 0.009919754351004095
63 val: 0.06640678271651268 0.010215938185065783
64 val: 0.06632425040006637 0.009886988913785352
65 val: 0.06631047129631043 0.009943857864921102
66 val: 0.06640104427933693 0.00991927153452841
67 val: 0.06622136607766152 0.010019072305746564
68 val: 0.06642185226082802 0.01015488540307853
69 val: 0.06620960757136345 0.010128256577689591
70 val: 0.06632415354251861 0.0100261176340116
