1 val: 0.13410490602254868 0.011202059611099576
2 val: 0.1269102066755295 0.011333026192865043
3 val: 0.12385599166154862 0.012046092149867278
4 val: 0.12227318286895753 0.011756063027145786
5 val: 0.12146920412778854 0.011780432472717605
6 val: 0.12051464319229126 0.012251709486148806
7 val: 0.12034524977207184 0.011946218786606675
8 val: 0.11992315500974655 0.011816107560853596
9 val: 0.11970996707677842 0.011988044876167302
10 val: 0.11886401623487472 0.011837601607670185
11 val: 0.11897390782833099 0.011478042312047401
12 val: 0.11866077482700348 0.011864668448576338
13 val: 0.11902415752410889 0.012505490888512555
14 val: 0.11837457418441773 0.012079866025897232
15 val: 0.11818383485078812 0.01206881919540823
16 val: 0.11827102601528168 0.01198192590829536
17 val: 0.11798871904611588 0.01128620759176546
18 val: 0.11786383837461471 0.01145420832626452
19 val: 0.11824851185083389 0.012262769850470133
20 val: 0.11810648739337921 0.012227408967028114
21 val: 0.11804360747337342 0.012660917753856376
22 val: 0.11810712963342666 0.01191445756021463
23 val: 0.11818476766347885 0.012185868348959765
24 val: 0.11816465556621551 0.012360909359696281
25 val: 0.1183453381061554 0.011931406111166276
26 val: 0.11860422492027282 0.011998180608443354
27 val: 0.11803276389837265 0.012110778691691991
28 val: 0.11837376356124878 0.012216303960434317
29 val: 0.11837421208620072 0.01175959021095268
30 val: 0.11805479526519776 0.012146687307580875
31 val: 0.11837741285562516 0.012055212466705318
32 val: 0.11781695932149887 0.012266800454731663
33 val: 0.11813900470733643 0.01193661032621473
34 val: 0.11811099946498871 0.0120533042115277
35 val: 0.11783981621265412 0.0115808763806416
36 val: 0.11789375841617585 0.011876854806814675
37 val: 0.11756014227867126 0.01162021559182579
38 val: 0.11791680455207824 0.012004966375211236
39 val: 0.11798058599233627 0.011726165246538574
40 val: 0.11835526376962661 0.012114074371920124
41 val: 0.11778278052806854 0.012504549729933524
42 val: 0.11773462444543839 0.01224555077708363
43 val: 0.11813500821590424 0.012414946806231831
44 val: 0.11763777136802674 0.012117679774207876
45 val: 0.11787415146827698 0.012220056478276111
46 val: 0.11779876947402954 0.011759329469832559
47 val: 0.11795386523008347 0.011993848540270035
48 val: 0.11764483898878098 0.011972306298947442
49 val: 0.1174231380224228 0.011683647940529548
50 val: 0.11789332777261734 0.012468547604738301
