1 val: 0.08901752680540084 0.008883649536426437
2 val: 0.08820215761661529 0.009344908311280311
3 val: 0.08663136214017868 0.009720012713384716
4 val: 0.08389424085617066 0.010124415248929264
5 val: 0.08151830732822418 0.00922443424837817
6 val: 0.08047567456960678 0.009251509603354014
7 val: 0.07940509617328644 0.009600121731591799
8 val: 0.07868693768978119 0.009295508070267373
9 val: 0.07832856327295304 0.009391760710233265
10 val: 0.07767086327075959 0.009333455574432105
11 val: 0.07701601833105087 0.00947287096947159
12 val: 0.07680443823337554 0.009467808757305726
13 val: 0.07651238888502121 0.009200034207434184
14 val: 0.07627834677696228 0.009123269249361679
15 val: 0.07606235146522522 0.009044203343314737
16 val: 0.07582889944314956 0.009307221836923387
17 val: 0.0755082130432129 0.009320892716355752
18 val: 0.07521308213472366 0.009230927553479932
19 val: 0.07553404122591019 0.009187423756259847
20 val: 0.07515000104904175 0.009065369197247944
21 val: 0.0752020463347435 0.009300729396392744
22 val: 0.07489695399999619 0.009430911507809451
23 val: 0.07492359727621078 0.009244993336188955
24 val: 0.07477911412715912 0.00958822053755613
25 val: 0.07466320991516114 0.009627898899759964
26 val: 0.07480177283287048 0.009314580282679905
27 val: 0.07439029365777969 0.009434709512052887
28 val: 0.0743504136800766 0.009353057314324315
29 val: 0.07447241097688675 0.009456678690616685
30 val: 0.07451423555612564 0.009473735494202698
31 val: 0.0742004469037056 0.00950201766569209
32 val: 0.07433857917785644 0.009274807665507987
33 val: 0.07421775609254837 0.009427231010614769
34 val: 0.07414462119340896 0.009432692566343782
35 val: 0.07387381047010422 0.009649855646132854
36 val: 0.07390942722558975 0.009485096103656308
37 val: 0.0741081565618515 0.009417912306238837
38 val: 0.07394103854894638 0.00948187674300467
39 val: 0.07375110536813737 0.009687222931227514
40 val: 0.07385845929384231 0.00946736437096259
41 val: 0.07383062243461609 0.00957054342274162
42 val: 0.07381046116352082 0.009625899969680714
43 val: 0.07370499670505523 0.00951943789628414
44 val: 0.07378750890493393 0.009478684064803332
45 val: 0.07363919019699097 0.009551493730124781
46 val: 0.07368805557489395 0.009498126239959357
47 val: 0.07358565032482148 0.009517308366165007
48 val: 0.0737275168299675 0.00935713323610767
49 val: 0.07365192323923112 0.009520396213255816
50 val: 0.07345225065946578 0.009499822625502417
51 val: 0.07350465357303619 0.009431867491610573
52 val: 0.07337224036455155 0.009551732785717422
53 val: 0.07337679266929627 0.00940515759488997
54 val: 0.07354222238063812 0.009512802478138288
55 val: 0.07359520345926285 0.009387119138333025
56 val: 0.07345625460147857 0.009704033730114666
57 val: 0.0734405055642128 0.00967089358922959
58 val: 0.07329410761594772 0.009581370946903606
59 val: 0.07339950501918793 0.009570267847411934
60 val: 0.07348217219114303 0.009599826161911837
61 val: 0.07347078323364258 0.009580848331170538
62 val: 0.07331900596618653 0.00967536028813371
63 val: 0.07340664267539979 0.009608421515669426
64 val: 0.07346363961696625 0.009639125847942171
65 val: 0.07323417961597442 0.009749275551393904
66 val: 0.07350684404373169 0.009398461081370954
67 val: 0.07335090786218643 0.009613920629589538
68 val: 0.07324377596378326 0.009616571451675096
69 val: 0.07331312596797943 0.009626579221845248
70 val: 0.07327464818954468 0.009826987825155713
