1 val: 0.09179094582796096 0.00792208004987672
2 val: 0.09109594821929931 0.008232809186792438
3 val: 0.09059644043445587 0.009101981787401715
4 val: 0.09002364724874497 0.009837254047659309
5 val: 0.08962941765785218 0.009532026492057689
6 val: 0.08851727992296218 0.009551932333560099
7 val: 0.08768592327833176 0.010160219701631076
8 val: 0.08655700981616973 0.01067012924407229
9 val: 0.08549771904945373 0.01023526274113771
10 val: 0.08496461659669877 0.010406043933672842
11 val: 0.08352461904287338 0.010449627019250915
12 val: 0.08288240432739258 0.010506342349031897
13 val: 0.08190889954566956 0.01086589044334845
14 val: 0.0810464933514595 0.010785143814072706
15 val: 0.081056047976017 0.010740698676948742
16 val: 0.08000058382749557 0.010273927643693918
17 val: 0.07966036349534988 0.010457103667241428
18 val: 0.07905218750238419 0.01047091431515174
19 val: 0.07910567969083786 0.01040049862932236
20 val: 0.07841588109731674 0.010522274769800392
21 val: 0.07844536900520324 0.010395497965332404
22 val: 0.07806035876274109 0.010216936510726627
23 val: 0.07835077941417694 0.010216211275004631
24 val: 0.07799870669841766 0.010492063482134315
25 val: 0.07780492752790451 0.01019714698890736
26 val: 0.07775527387857437 0.010130643079098446
27 val: 0.0777058631181717 0.010056061698252086
28 val: 0.07745564579963685 0.010194238188663479
29 val: 0.07734389007091522 0.010447933029517327
30 val: 0.07730756103992462 0.010418142705343185
31 val: 0.07714848965406418 0.010259989927105095
32 val: 0.07687296569347382 0.010236216354636327
33 val: 0.07693119049072265 0.010090893455569912
34 val: 0.07688329815864563 0.010250511318853218
35 val: 0.07673041522502899 0.010436893008720225
36 val: 0.0766090840101242 0.010144870687371297
37 val: 0.07660210579633712 0.010154202009415199
38 val: 0.07664229273796082 0.010380258777456542
39 val: 0.07652616351842881 0.010245074718354806
40 val: 0.07638145387172698 0.010101512248292505
41 val: 0.07630712240934372 0.010177158925315882
42 val: 0.07617298066616059 0.01038696191178731
43 val: 0.07645813375711441 0.010285008483199626
44 val: 0.07603685855865479 0.010139926571638312
45 val: 0.07620130479335785 0.01016594387430616
46 val: 0.07624423354864121 0.010121846848774017
47 val: 0.07583810836076736 0.01001366936286678
48 val: 0.07595252990722656 0.010433738767984448
49 val: 0.07617037296295166 0.00997055385346273
50 val: 0.0757061317563057 0.009743174004561981
51 val: 0.07614979445934296 0.010329221444911595
52 val: 0.07583230584859849 0.009899600479431779
53 val: 0.07575997710227966 0.010170195627702893
54 val: 0.07561842501163482 0.009927259790034533
55 val: 0.07574291229248047 0.010156496785871667
56 val: 0.07582997232675552 0.009953660880484893
57 val: 0.07577134370803833 0.01011083639084863
58 val: 0.0755349949002266 0.010190974697612614
59 val: 0.07589813172817231 0.010295457180286861
60 val: 0.07563932836055756 0.010062730821688026
61 val: 0.07559620589017868 0.010077388651173825
62 val: 0.0755554810166359 0.010211538406202262
63 val: 0.07542624920606614 0.009915254756032329
64 val: 0.075633005797863 0.010107833855621475
65 val: 0.07554244399070739 0.01041532622170528
66 val: 0.07549248188734055 0.009771702268538846
67 val: 0.0754912406206131 0.009968134292674279
68 val: 0.07560621351003646 0.010009597563627484
69 val: 0.07545660734176636 0.010090596789399208
70 val: 0.07557026892900467 0.009825680842748078
