1 val: 0.09525769352912902 0.007594757733850138
2 val: 0.0950114443898201 0.007621914522007161
3 val: 0.09477182477712631 0.00792033379854765
4 val: 0.09441806972026826 0.0077665175305044985
5 val: 0.09432231485843659 0.00853893112055484
6 val: 0.09410050064325333 0.009132006375835545
7 val: 0.0940083235502243 0.009303239540742473
8 val: 0.09347415715456009 0.010016941309302684
9 val: 0.09320333302021026 0.009377739301344048
10 val: 0.09244298934936523 0.01014780879253613
11 val: 0.09172564893960952 0.00997940886623775
12 val: 0.0907445028424263 0.009366242963753017
13 val: 0.08967096656560898 0.00979214273862565
14 val: 0.08937717974185944 0.010056373223701303
15 val: 0.0886699989438057 0.008915463269460529
16 val: 0.087897390127182 0.009737604800172063
17 val: 0.08686049729585647 0.009724407040628295
18 val: 0.08604962676763535 0.009541122045908712
19 val: 0.08617317527532578 0.010565195117411325
20 val: 0.08472409695386887 0.010260968824428484
21 val: 0.0843302309513092 0.009788996348500218
22 val: 0.0838570773601532 0.010339963085649153
23 val: 0.08388674706220627 0.010011018417245846
24 val: 0.08333528637886048 0.00975884704173579
25 val: 0.08333152085542679 0.010077229592571202
26 val: 0.08307511508464813 0.009994363385010873
27 val: 0.08250865936279297 0.009697307703686858
28 val: 0.08210122138261795 0.009976084472091369
29 val: 0.08216740041971207 0.009843874480428455
30 val: 0.08217754662036895 0.009616915520271122
31 val: 0.08204068839550019 0.009943397061627045
32 val: 0.08144126683473588 0.009206319452104077
33 val: 0.08161242753267288 0.009786942538658814
34 val: 0.08149522691965103 0.009329731531177611
35 val: 0.0816529169678688 0.010124470952666805
36 val: 0.08066881000995636 0.009476016910414494
37 val: 0.08090339004993438 0.009563670842809235
38 val: 0.0809277504682541 0.00928340208644337
39 val: 0.08086526393890381 0.009438490969208338
40 val: 0.08053254932165146 0.009230961200046817
41 val: 0.08073168098926545 0.009839632703172826
42 val: 0.08042159378528595 0.009480874512676103
43 val: 0.08051080107688904 0.00963145514815157
44 val: 0.08024319112300873 0.009591902667147703
45 val: 0.08002616167068481 0.009568460733301667
46 val: 0.08037697523832321 0.009696802566240796
47 val: 0.08032192289829254 0.009237939603584905
48 val: 0.08001603633165359 0.009241294679880043
49 val: 0.07998145073652267 0.009597377009040465
50 val: 0.08000913262367249 0.009663194081203813
51 val: 0.07951430678367614 0.009480592081607054
52 val: 0.07956572622060776 0.009239466387974278
53 val: 0.07969962358474732 0.00943040712962781
54 val: 0.0797984927892685 0.009458391898262622
55 val: 0.07954128682613373 0.00935674874565768
56 val: 0.07926390469074249 0.009216369785795042
57 val: 0.07957552522420883 0.0096190181917737
58 val: 0.07944654524326325 0.009809915496859034
59 val: 0.07938009649515151 0.009074219976016453
60 val: 0.07929001301527024 0.009468560430648618
61 val: 0.07926034182310104 0.009626229150474537
62 val: 0.07925688773393631 0.009527380428015726
63 val: 0.07942318618297577 0.009456279609758478
64 val: 0.07917332798242568 0.009917612654011745
65 val: 0.07900254875421524 0.00983156273440908
66 val: 0.07972637563943863 0.009482692769133685
67 val: 0.07883809506893158 0.009556209566784057
68 val: 0.07913125604391098 0.009802578604918174
69 val: 0.07939584404230118 0.009479660506991434
70 val: 0.07892126888036728 0.00990575619613591
