1 val: 0.131197427213192 0.01089983378207
2 val: 0.12591819763183593 0.011193344562915443
3 val: 0.12343777120113372 0.011720554374887098
4 val: 0.1214916542172432 0.011981771281820115
5 val: 0.12101834714412689 0.012771478901607469
6 val: 0.11992335617542267 0.011873752349795465
7 val: 0.11943645626306534 0.011264895115675173
8 val: 0.11960434466600418 0.012435846697142757
9 val: 0.11887259036302567 0.012060760970466204
10 val: 0.11863734573125839 0.011718977749523171
11 val: 0.11826288253068924 0.011622090375637738
12 val: 0.11800544410943985 0.011453836589890772
13 val: 0.11767826080322266 0.011327181722715247
14 val: 0.11741329133510589 0.011219925274924247
15 val: 0.11731890588998795 0.011621785187724363
16 val: 0.11748772412538529 0.011509272992854418
17 val: 0.11713930368423461 0.011425242498082413
18 val: 0.11744322031736373 0.011804135724716348
19 val: 0.1171589508652687 0.01132880550167985
20 val: 0.11728666573762894 0.01198269665664314
21 val: 0.11685886532068253 0.012023047396081352
22 val: 0.11694960594177246 0.011683340729024473
23 val: 0.11687887310981751 0.011423049860906332
24 val: 0.11717069447040558 0.011614884302097693
25 val: 0.11707862913608551 0.011940752881317004
26 val: 0.11690039932727814 0.011532300177920337
27 val: 0.11677676141262054 0.011880643944175344
28 val: 0.11705729365348816 0.011287557159334606
29 val: 0.11674028187990189 0.011694524853502992
30 val: 0.11696730256080627 0.011900990010489018
31 val: 0.11691128313541413 0.01115105807515861
32 val: 0.11692337542772294 0.011449794034934858
33 val: 0.11657951027154922 0.011183713505355857
34 val: 0.11693474054336547 0.011849177065420241
35 val: 0.11653349548578262 0.011526693729351126
36 val: 0.11666518449783325 0.011384211363456987
37 val: 0.11656998693943024 0.011401839645566406
38 val: 0.11687297224998475 0.01201132821866952
39 val: 0.11682305783033371 0.011411857108735948
40 val: 0.11687949746847152 0.011971900149370576
41 val: 0.11665392220020294 0.011808906694831938
42 val: 0.1166692778468132 0.011787473021661613
43 val: 0.11687589883804321 0.011754941980036277
44 val: 0.1167396992444992 0.011656358566391066
45 val: 0.11660957336425781 0.01165806670807255
46 val: 0.11676385253667831 0.01139555958767516
47 val: 0.11658917218446732 0.01134865724838727
48 val: 0.1165963888168335 0.011571269909451447
49 val: 0.11671412587165833 0.011717380908143312
50 val: 0.1166706532239914 0.011513017830080274
