1 val: 0.09728614389896392 0.008137168953410103
2 val: 0.09634512215852738 0.008178049174366356
3 val: 0.09534026980400086 0.008334657953840217
4 val: 0.09496266543865203 0.008423374818059695
5 val: 0.09511291235685349 0.009185348488626363
6 val: 0.09537451565265656 0.009331467066844129
7 val: 0.09569678902626037 0.00911485250405585
8 val: 0.09506442546844482 0.009779256049714274
9 val: 0.09557144045829773 0.009621435769229641
10 val: 0.09492401182651519 0.010102179875757551
11 val: 0.0947469413280487 0.01010543946319435
12 val: 0.09421930313110352 0.009423302012033728
13 val: 0.09359612017869949 0.009883668341662022
14 val: 0.09237718880176544 0.009481305230489857
15 val: 0.09168960154056549 0.008908390234025175
16 val: 0.09068124443292618 0.009692309690250875
17 val: 0.09008362293243408 0.009449485524543479
18 val: 0.08913007378578186 0.009603846420470926
19 val: 0.08915806859731674 0.00916475020415198
20 val: 0.08775227814912796 0.009723175022579321
21 val: 0.08751375377178192 0.009379294781040676
22 val: 0.08667161613702774 0.009530606343356523
23 val: 0.08648507744073868 0.009793531964673913
24 val: 0.08636493086814881 0.009391914607173996
25 val: 0.08540657311677932 0.009470656527302267
26 val: 0.08570066094398499 0.009572349205996466
27 val: 0.08461647778749466 0.009441818550640033
28 val: 0.08482104390859604 0.009269354060785603
29 val: 0.08445661962032318 0.009143536026314234
30 val: 0.08411022573709488 0.00917659149789166
31 val: 0.08425434231758118 0.008565524400120747
32 val: 0.08404790163040161 0.00864159035238998
33 val: 0.0832055777311325 0.009242261293710419
34 val: 0.08360382616519928 0.008904691634371902
35 val: 0.08290995061397552 0.009087506112576329
36 val: 0.08309237658977509 0.008724228093974547
37 val: 0.08330428898334503 0.008931635414202242
38 val: 0.0829225555062294 0.008790777320220112
39 val: 0.08268890231847763 0.009474259840325155
40 val: 0.08248858004808426 0.008922990842636898
41 val: 0.0824796974658966 0.009155325619872949
42 val: 0.08238498568534851 0.009132436113374859
43 val: 0.08228113949298858 0.009109607452595854
44 val: 0.08180425614118576 0.009327775021758177
45 val: 0.08219431191682816 0.00927719253371988
46 val: 0.08183213621377945 0.009142371150521671
47 val: 0.08155091404914856 0.0090060999503994
48 val: 0.08175667971372605 0.009265577399815528
49 val: 0.08200328201055526 0.009158088515590659
50 val: 0.08131762742996215 0.0092205820939608
51 val: 0.08189939558506013 0.0093697685564229
52 val: 0.08129309862852097 0.009085496544843854
53 val: 0.0812467560172081 0.009276634129547658
54 val: 0.08134304583072663 0.009027464943096785
55 val: 0.08142012357711792 0.009357079493256102
56 val: 0.08115853369235992 0.009566925788038843
57 val: 0.08099839240312576 0.009754982530758599
58 val: 0.08091092258691787 0.009802543136954164
59 val: 0.08115017116069793 0.009178685945753544
60 val: 0.08108558505773544 0.009473316789291465
61 val: 0.08074742704629898 0.00960504255657034
62 val: 0.08079307526350021 0.009523467453926304
63 val: 0.08097516000270844 0.009292977541598912
64 val: 0.08099952191114426 0.009644856202324397
65 val: 0.08080160468816758 0.009543573167282835
66 val: 0.08058670312166213 0.009496131309933516
67 val: 0.08024953901767731 0.009459755460682822
68 val: 0.08102104663848878 0.009664236942272956
69 val: 0.08087001591920853 0.009606876726031633
70 val: 0.08050448149442672 0.009191217695735372
