1 val: 0.08622120618820191 0.008283550596243836
2 val: 0.08543255478143692 0.00887541508490255
3 val: 0.08346451222896575 0.008321673244287803
4 val: 0.08192340731620788 0.009015803530505321
5 val: 0.08033930361270905 0.008755114802432807
6 val: 0.07898176610469818 0.008908624068496521
7 val: 0.07856221199035644 0.008675788569929963
8 val: 0.07790037393569946 0.00863530107990199
9 val: 0.07771092057228088 0.00874777759979722
10 val: 0.07729411572217941 0.008336955455910858
11 val: 0.07690693587064742 0.008756600318953103
12 val: 0.07633921653032302 0.00896797831678624
13 val: 0.07601626068353654 0.008945693843047102
14 val: 0.07586917579174042 0.008992273158872516
15 val: 0.07539871335029602 0.009012545477971213
16 val: 0.07543462365865708 0.008899138741966241
17 val: 0.07518465518951416 0.009386639947422995
18 val: 0.0753065288066864 0.00913013331282805
19 val: 0.07497289031744003 0.009098119042495884
20 val: 0.07474009841680526 0.0089862134307545
21 val: 0.07483738511800767 0.009032086814351147
22 val: 0.07455013543367386 0.009306796919673782
23 val: 0.07457435578107834 0.009172565862162417
24 val: 0.074582639336586 0.009518209506420192
25 val: 0.07424629628658294 0.009225851546607707
26 val: 0.07440281063318252 0.009150180770950478
27 val: 0.07420240491628646 0.00945349802768011
28 val: 0.07431472241878509 0.009436187070993505
29 val: 0.07443523705005646 0.009484565794330432
30 val: 0.07421173751354218 0.009619389889019144
31 val: 0.0743100956082344 0.009312265003402324
32 val: 0.07408778965473176 0.00951156136755167
33 val: 0.07410613596439361 0.009437548666951606
34 val: 0.07404361665248871 0.009517776661909824
35 val: 0.07388388961553574 0.009618826406894045
36 val: 0.0738508939743042 0.00938450976998206
37 val: 0.07385108768939971 0.009658607799094759
38 val: 0.0742356762290001 0.009597909616481994
39 val: 0.0736851453781128 0.009526515602908165
40 val: 0.07371292561292649 0.009687121624720045
41 val: 0.07367700785398483 0.009512656391892218
42 val: 0.07391992062330247 0.009724017654413882
43 val: 0.07397956252098084 0.00967389766312601
44 val: 0.07383154332637787 0.009528945315566778
45 val: 0.07387608885765076 0.009619692491228217
46 val: 0.07404029071331024 0.009250906805749312
47 val: 0.07360711693763733 0.009679862650896886
48 val: 0.07371280491352081 0.009766800497057273
49 val: 0.07372540682554245 0.009742101049002761
50 val: 0.07354773133993149 0.009716607881776437
51 val: 0.07389843612909316 0.009865986611891744
52 val: 0.07398663908243179 0.00960150777310594
53 val: 0.07370975315570831 0.00960657016598372
54 val: 0.07372584193944931 0.009468862748724056
55 val: 0.0735599547624588 0.009736696996430894
56 val: 0.07371541410684586 0.009602967925846062
57 val: 0.07359266728162765 0.009545022779178621
58 val: 0.07368335723876954 0.009675366919495916
59 val: 0.07373533993959427 0.009653623840138351
60 val: 0.07363409101963043 0.009676808178957967
61 val: 0.07376057207584381 0.009508059337554728
62 val: 0.07370315045118332 0.009542733916449638
63 val: 0.07348433732986451 0.009511001859119253
64 val: 0.07358178198337555 0.009934408754493914
65 val: 0.07357189953327178 0.009616710388148285
66 val: 0.07354222983121872 0.009655235448516918
67 val: 0.07370215654373169 0.009545574232079876
68 val: 0.07362930029630661 0.009427063003827424
69 val: 0.07361636757850647 0.00947043660774362
70 val: 0.07363217622041703 0.009760842547622888
