1 val: 0.13567184507846833 0.010051894462524337
2 val: 0.13379448354244233 0.012153747456265922
3 val: 0.13328702002763748 0.011291936012544962
4 val: 0.13169336318969727 0.012120747832004996
5 val: 0.1310319259762764 0.012156817914324769
6 val: 0.1309121236205101 0.011806009597831452
7 val: 0.13122645020484924 0.011587917789167072
8 val: 0.1312331572175026 0.012066880851832199
9 val: 0.13109652251005172 0.01144481582637749
10 val: 0.13098030239343644 0.011867959869352141
11 val: 0.13121508657932282 0.011719962962358743
12 val: 0.13119746893644332 0.011183818945816463
13 val: 0.13135673552751542 0.011368412739375442
14 val: 0.13063775449991227 0.011459539501003093
15 val: 0.13113641142845153 0.01223953628796989
16 val: 0.1298435941338539 0.011847695117091557
17 val: 0.12999175637960433 0.011814141449515175
18 val: 0.1304999828338623 0.011937476538529708
19 val: 0.13052737414836885 0.011459122133663395
20 val: 0.12970142364501952 0.011797191431584345
21 val: 0.12979339957237243 0.011528668195128575
22 val: 0.12928951382637024 0.011688741421887376
23 val: 0.1301029294729233 0.01113236521708296
24 val: 0.13008767366409302 0.01151754421562284
25 val: 0.1296800971031189 0.011178982927979555
26 val: 0.13031646907329558 0.01106259081692758
27 val: 0.1297614946961403 0.010987267685904814
28 val: 0.13024602681398392 0.010585330521235177
29 val: 0.12972597479820253 0.01092335404436008
30 val: 0.12961024940013885 0.010335682841573225
31 val: 0.12994192987680436 0.010707758850627625
32 val: 0.13046862930059433 0.011188830611602241
33 val: 0.12967129647731782 0.010110924271574962
34 val: 0.13038762360811235 0.010509007444103595
35 val: 0.12965744584798813 0.010793015484748994
36 val: 0.1302662596106529 0.011069337277348561
37 val: 0.12990986555814743 0.010273859446455223
38 val: 0.1304084539413452 0.010254117286899872
39 val: 0.13005493581295013 0.010028301379682572
40 val: 0.13014691174030305 0.010895926054898386
41 val: 0.1297913283109665 0.011536037785487311
42 val: 0.13022276759147644 0.010006112561996478
43 val: 0.1299122929573059 0.010469094767732338
44 val: 0.1299123927950859 0.010082248647245327
45 val: 0.12968965768814086 0.009832943659224248
46 val: 0.13044141829013825 0.010416670150749121
47 val: 0.1299675300717354 0.01003717301023623
48 val: 0.1301564946770668 0.009871877042346081
49 val: 0.13021352291107177 0.01033399984990808
50 val: 0.12996671944856644 0.010088321063705783
