1 val: 0.13223344683647156 0.011261383091016703
2 val: 0.1255052536725998 0.011283783695119473
3 val: 0.12385593503713607 0.012015842215674167
4 val: 0.12137460559606553 0.011581885702103238
5 val: 0.1206260696053505 0.011427074079078522
6 val: 0.11969493180513383 0.011801511145498884
7 val: 0.11953388750553132 0.01180016673300718
8 val: 0.1192319244146347 0.012139477758444832
9 val: 0.11907742768526078 0.012016929944437134
10 val: 0.1185955435037613 0.011148856324500672
11 val: 0.11810224354267121 0.011419987994019769
12 val: 0.11817179322242737 0.01181095035958977
13 val: 0.11796866953372956 0.012016361296024696
14 val: 0.11809266805648803 0.011988696105659969
15 val: 0.11821482181549073 0.012599128012713566
16 val: 0.11812018752098083 0.012400148201724383
17 val: 0.11762636452913285 0.011631494723436955
18 val: 0.11747370660305023 0.011772581634192007
19 val: 0.11736182421445847 0.01162323492897378
20 val: 0.11759866178035736 0.012065949710721965
21 val: 0.11728744655847549 0.011612467440978836
22 val: 0.11730103939771652 0.011616098536992133
23 val: 0.11728938668966293 0.011548283924219095
24 val: 0.11696937084197997 0.011631931590364825
25 val: 0.11700488477945328 0.011721833540037472
26 val: 0.11759689450263977 0.011640791454800127
27 val: 0.11710906475782394 0.012090279353737021
28 val: 0.11718002408742904 0.012108149377425086
29 val: 0.116867396235466 0.011554208591330802
30 val: 0.11708542555570603 0.011776938670422272
31 val: 0.11709831506013871 0.011626786304350302
32 val: 0.11692329347133637 0.011713420992971445
33 val: 0.11672024428844452 0.011139749362257687
34 val: 0.11739735752344131 0.011800341678966068
35 val: 0.11685519069433212 0.011392599070696336
36 val: 0.11673273593187332 0.011375865725172686
37 val: 0.11670331209897995 0.01133858366997555
38 val: 0.1170329362154007 0.011711235554679594
39 val: 0.11681281477212906 0.011212451611341078
40 val: 0.11718488186597824 0.011807031532822952
41 val: 0.11707283854484558 0.011735896963867077
42 val: 0.11686384677886963 0.011616751906273677
43 val: 0.11713317036628723 0.011449926614869238
44 val: 0.11695445328950882 0.011436477765253398
45 val: 0.11657478064298629 0.011238110983870375
46 val: 0.11691470742225647 0.010926347060703705
47 val: 0.11665913313627244 0.011352990687052903
48 val: 0.1166693925857544 0.011535327072994655
49 val: 0.11701478958129882 0.011321075528196892
50 val: 0.11689920425415039 0.011416129318464965
