1 val: 0.13340941071510315 0.01250930184384127
2 val: 0.13140972703695297 0.011336278571742207
3 val: 0.12865907400846482 0.012218714812820053
4 val: 0.1268754333257675 0.011959050452977764
5 val: 0.1260585144162178 0.01217414202005415
6 val: 0.12598589360713958 0.011794247115725359
7 val: 0.12554347068071364 0.011702672357103221
8 val: 0.12535615861415864 0.012322240309668392
9 val: 0.12503274232149125 0.011639109606292298
10 val: 0.1251014158129692 0.012399065269686456
11 val: 0.12552877366542817 0.011937640001790843
12 val: 0.12511470764875413 0.011507118387007404
13 val: 0.12551199048757553 0.01195039157283126
14 val: 0.12475916743278503 0.011840458961107938
15 val: 0.12476388365030289 0.011868665334465824
16 val: 0.12468445599079132 0.012070573871544072
17 val: 0.12361055016517639 0.012106115744646056
18 val: 0.12351232767105103 0.012645040421958149
19 val: 0.12418333739042282 0.01195044962347115
20 val: 0.123467056453228 0.012775574078209936
21 val: 0.1234077900648117 0.012806850215289595
22 val: 0.12349161654710769 0.011826722387799441
23 val: 0.12327894419431687 0.011741264837117196
24 val: 0.12355697900056839 0.012839309435108132
25 val: 0.12216919362545013 0.011755971091370289
26 val: 0.12306544035673142 0.01172973179592558
27 val: 0.12275759130716324 0.012249665814345818
28 val: 0.12203742414712906 0.012103748514040925
29 val: 0.12233083546161652 0.011803959384223933
30 val: 0.12223606705665588 0.011991556179701678
31 val: 0.12207743674516677 0.01230084119754284
32 val: 0.12219890803098679 0.011876120023562357
33 val: 0.12191500365734101 0.011959936540928848
34 val: 0.12194832265377045 0.012022468364599847
35 val: 0.12213159948587418 0.013113295574168715
36 val: 0.12167653441429138 0.011527169211405171
37 val: 0.12193809151649475 0.011251221553105694
38 val: 0.12186034321784973 0.01220872731316953
39 val: 0.12151553481817245 0.011547643147712835
40 val: 0.12259337157011033 0.011448323024323512
41 val: 0.1214069128036499 0.012705402035787508
42 val: 0.12094103991985321 0.01183352312091654
43 val: 0.12205031663179397 0.012075122521965393
44 val: 0.12160429060459137 0.01216017410192462
45 val: 0.12156195789575577 0.011797373952843455
46 val: 0.12180752605199814 0.011569963448132582
47 val: 0.12168274968862533 0.011830503539277228
48 val: 0.1223194032907486 0.011189686157386315
49 val: 0.12153796553611755 0.011559532412755267
50 val: 0.12169234305620194 0.011592134888822919
