1 val: 0.13344846963882445 0.010831664353544757
2 val: 0.12633589059114456 0.012237757458464352
3 val: 0.12405112236738206 0.01200843983932555
4 val: 0.12181621342897415 0.012041778026305832
5 val: 0.12109560072422028 0.012391641314047838
6 val: 0.12051220536231995 0.012449919793607225
7 val: 0.11989124119281769 0.011959857102483746
8 val: 0.11989939659833908 0.011731596041450581
9 val: 0.11901167929172515 0.01184321606651883
10 val: 0.11888118982315063 0.011244165526213741
11 val: 0.1188591942191124 0.011868901537302311
12 val: 0.11865223795175553 0.011943786549728871
13 val: 0.11849745959043503 0.01150100639166756
14 val: 0.1184750735759735 0.01154875912955053
15 val: 0.11826210618019103 0.01192931611679535
16 val: 0.11847737729549408 0.011808012192074398
17 val: 0.1178243562579155 0.01149052777589202
18 val: 0.11789161413908004 0.011927578942419716
19 val: 0.11800752878189087 0.011899825804095855
20 val: 0.11805970966815948 0.011634357464062548
21 val: 0.11782079637050628 0.012455393240448712
22 val: 0.11795879900455475 0.011773675121021366
23 val: 0.11813867092132568 0.011538069830739168
24 val: 0.11755983382463456 0.011648969319768339
25 val: 0.11772698163986206 0.011448532544603297
26 val: 0.1179039478302002 0.011747945581876114
27 val: 0.11791807562112808 0.011878685333140944
28 val: 0.1180329978466034 0.012351658231424364
29 val: 0.11781943887472153 0.01178326950207404
30 val: 0.1180664137005806 0.012393895428059768
31 val: 0.11789491623640061 0.011453974939794359
32 val: 0.11756859421730041 0.011895018590171195
33 val: 0.11796166896820068 0.011810594126033802
34 val: 0.11773086935281754 0.011394537543535848
35 val: 0.11766173988580704 0.011881610922130444
36 val: 0.11811207681894302 0.011511350828109095
37 val: 0.11789327412843705 0.011530094252096192
38 val: 0.1179232880473137 0.011931081221871516
39 val: 0.1178438663482666 0.011726744455487029
40 val: 0.11799666583538056 0.01187268050309897
41 val: 0.11752077341079711 0.01197089015975769
42 val: 0.11733263880014419 0.01169683094836474
43 val: 0.11771525293588639 0.011600249869737154
44 val: 0.11783558875322342 0.011890875303048977
45 val: 0.11745370626449585 0.011829923080518305
46 val: 0.11751824468374253 0.011430342928611004
47 val: 0.11738062053918838 0.011356277709017497
48 val: 0.11760754585266113 0.01216271979922043
49 val: 0.11744138598442078 0.011663198254855341
50 val: 0.11742396801710128 0.011807494016061713
