1 val: 0.13406785130500792 0.011406082331990959
2 val: 0.1282522827386856 0.012034585977162195
3 val: 0.12570473104715346 0.012119498103530807
4 val: 0.12310999035835266 0.012631193997119575
5 val: 0.12243434637784958 0.012341369674623043
6 val: 0.12094488739967346 0.012703672159497727
7 val: 0.12078631520271302 0.013175059622010495
8 val: 0.12038739174604415 0.012602150472216968
9 val: 0.12027377635240555 0.012549506299899253
10 val: 0.1204327553510666 0.012691478419484729
11 val: 0.11996760368347167 0.012539048070834414
12 val: 0.1203450620174408 0.012645349600255998
13 val: 0.11981107145547867 0.012570776634442178
14 val: 0.12019799947738648 0.01275051164291508
15 val: 0.12024734169244766 0.012803381389372167
16 val: 0.12031254172325134 0.012659716010515245
17 val: 0.11985537856817245 0.012779797471956792
18 val: 0.11991851180791854 0.012599326347491153
19 val: 0.11998339742422104 0.012674474329834484
20 val: 0.12002076506614685 0.01287774005955395
21 val: 0.11998143196105956 0.012259570423274118
22 val: 0.11978286057710648 0.012281838611796466
23 val: 0.11962530016899109 0.01253215708994629
24 val: 0.12001839727163315 0.012992074409562201
25 val: 0.11994248628616333 0.012621331708958078
26 val: 0.11988611221313476 0.012485424853441096
27 val: 0.11961311399936676 0.012229682828880293
28 val: 0.11969089955091476 0.012945886039680351
29 val: 0.1195370689034462 0.012504248199010972
30 val: 0.11941390931606292 0.012593735752064574
31 val: 0.1193238690495491 0.01256615237559305
32 val: 0.11937066167593002 0.012444656826891595
33 val: 0.11894036829471588 0.012338234386024903
34 val: 0.11929835826158523 0.012666568922294917
35 val: 0.11924907714128494 0.012653358901123358
36 val: 0.11941954791545868 0.012487545578848808
37 val: 0.11911966502666474 0.012715384962914878
38 val: 0.11882966011762619 0.012492166542903686
39 val: 0.11905783861875534 0.012428306895488288
40 val: 0.11929290443658828 0.012187475120029495
41 val: 0.11825929135084152 0.011923383764540595
42 val: 0.11836408078670502 0.012641248863891634
43 val: 0.11866745948791504 0.012331150588188065
44 val: 0.11884192824363708 0.01231072829558633
45 val: 0.11850478947162628 0.012143881202896384
46 val: 0.11861692368984222 0.01259092273869879
47 val: 0.1184895858168602 0.01232872357950004
48 val: 0.11815599799156189 0.011985864045846504
49 val: 0.11847068071365356 0.011905451841696797
50 val: 0.11871163845062256 0.012090770626144855
