1 val: 0.1164487823843956 0.00805589692357011
2 val: 0.116278275847435 0.009638194714996409
3 val: 0.11486580967903137 0.012286468767675725
4 val: 0.11244377791881562 0.014610736976380875
5 val: 0.11103433519601821 0.015041813116087358
6 val: 0.1090287372469902 0.014766510912287856
7 val: 0.107379350066185 0.014609724054840017
8 val: 0.10669783651828765 0.014209105302583683
9 val: 0.10468912422657013 0.013953060621244124
10 val: 0.10461472570896149 0.014944041806018505
11 val: 0.10315120965242386 0.014397798867925112
12 val: 0.10344648659229279 0.014178358882235554
13 val: 0.10230983048677444 0.014358709398176364
14 val: 0.1026747927069664 0.01401008193707506
15 val: 0.1015005111694336 0.014377038563559298
16 val: 0.10107142627239227 0.014279381019944646
17 val: 0.10110274702310562 0.013919380321466286
18 val: 0.09999203681945801 0.0143219159206864
19 val: 0.09956861436367034 0.0140293894137581
20 val: 0.09975777566432953 0.014684626674011686
21 val: 0.09873187392950059 0.013970712425373072
22 val: 0.09875922054052352 0.014453697595839391
23 val: 0.09809538722038269 0.01383299337182096
24 val: 0.09832320511341094 0.013673633142721964
25 val: 0.0976855218410492 0.013610786343710416
26 val: 0.09751243144273758 0.01443503757079156
27 val: 0.09690424054861069 0.013478259513819476
28 val: 0.0966566652059555 0.013504175676149439
29 val: 0.0963582530617714 0.013918504296597477
30 val: 0.09601258337497712 0.013313793519709063
31 val: 0.09580242782831191 0.012876621274735676
32 val: 0.09571169763803482 0.013127601571807082
33 val: 0.09533200412988663 0.013489407516794165
34 val: 0.09529106467962264 0.013416777893016603
35 val: 0.09502697736024857 0.012977671758048412
36 val: 0.094456847012043 0.013206148824504082
37 val: 0.09420798271894455 0.013556259620017464
38 val: 0.09381026178598403 0.01336632762979153
39 val: 0.09385939985513687 0.013124668724236252
40 val: 0.09346720278263092 0.013245124513443523
41 val: 0.09376602917909622 0.013749089780284105
42 val: 0.09324327409267426 0.013142554991632542
43 val: 0.09343432337045669 0.012783893169460641
44 val: 0.09283923506736755 0.013553272877824997
45 val: 0.0927574247121811 0.012930332738424215
46 val: 0.09295513331890107 0.013578805690353054
47 val: 0.09240723699331284 0.013690035973225172
48 val: 0.09202578514814377 0.01312260032669661
49 val: 0.09250099956989288 0.013461867960498428
50 val: 0.09149177372455597 0.012588325788397973
51 val: 0.09224828481674194 0.01321543400318646
52 val: 0.09177006781101227 0.012800266561101451
53 val: 0.09138294905424119 0.013158724857720924
54 val: 0.09090951085090637 0.012523409924206417
55 val: 0.09125511348247528 0.01329475794774837
56 val: 0.09125841110944748 0.01332663734818635
57 val: 0.09057813137769699 0.013015392074313145
58 val: 0.09040380269289017 0.013064709272224542
59 val: 0.09054034352302551 0.01302517436213773
60 val: 0.09079615324735642 0.01265943242708889
61 val: 0.09045046716928482 0.013177733902968175
62 val: 0.09051493108272553 0.012860751229671218
63 val: 0.08970164656639099 0.012786120068543022
64 val: 0.08990729153156281 0.013087398692414733
65 val: 0.09001668393611909 0.013061091298798979
66 val: 0.08951635807752609 0.012350015050345482
67 val: 0.08957729488611221 0.012681825861660402
68 val: 0.08970641195774079 0.012458088041115825
69 val: 0.08938142955303192 0.01298567667727778
70 val: 0.08978540450334549 0.013203217927142701
