1 val: 0.13770846128463746 0.00678919415239165
2 val: 0.13593489527702332 0.008544666814919706
3 val: 0.13417281657457353 0.011170932891808155
4 val: 0.13362901657819748 0.01162366119095156
5 val: 0.1320115089416504 0.011526997751407612
6 val: 0.13228875994682313 0.01273170961306864
7 val: 0.13247105330228806 0.011782460013498013
8 val: 0.13203435987234116 0.01200778565873885
9 val: 0.13123321980237962 0.012025896985090895
10 val: 0.12960143089294435 0.012323463994182873
11 val: 0.12986835837364197 0.012515369857303105
12 val: 0.12956672757864 0.013104145287445017
13 val: 0.12853260338306427 0.012241767790596485
14 val: 0.12844805419445038 0.012538056854620828
15 val: 0.12864112257957458 0.012407751840458694
16 val: 0.1278005763888359 0.01281583723573816
17 val: 0.1266896903514862 0.01201674693234509
18 val: 0.12540234476327897 0.012582967219733855
19 val: 0.12607426643371583 0.012108673047841901
20 val: 0.12469320148229598 0.012331376250196485
21 val: 0.12452550828456879 0.012188858708667715
22 val: 0.12453169524669647 0.011825267084009898
23 val: 0.12359549403190613 0.01254189921195264
24 val: 0.12378350496292115 0.01251514286820544
25 val: 0.12295034378767014 0.011715163601546959
26 val: 0.1230723574757576 0.012320107352909462
27 val: 0.12227376848459244 0.01222118789338595
28 val: 0.12299648225307465 0.012645869181717383
29 val: 0.12298308312892914 0.012999973649314555
30 val: 0.12278902977705002 0.012790176872307497
31 val: 0.12258711457252502 0.012314005660173348
32 val: 0.12247288078069687 0.012137341990249658
33 val: 0.12224350422620774 0.012681906583750884
34 val: 0.12183374166488647 0.012002023227363594
35 val: 0.12240968644618988 0.012581420590482525
36 val: 0.12209023237228393 0.012735450407996712
37 val: 0.12195490151643754 0.012445262299046555
38 val: 0.12235173881053925 0.01154295758389514
39 val: 0.12151611149311066 0.011758790204915631
40 val: 0.12176889032125474 0.012035654157914395
41 val: 0.12172244340181351 0.012342389068203126
42 val: 0.12119689881801606 0.012111194065540091
43 val: 0.12157683670520783 0.011500813878739753
44 val: 0.1213643342256546 0.012734927396977923
45 val: 0.12116103023290634 0.012319510834937989
46 val: 0.12185854464769363 0.01210382370924451
47 val: 0.12174107730388642 0.012446009575700872
48 val: 0.12136275321245193 0.011954487981018107
49 val: 0.12205535769462586 0.011686216106796392
50 val: 0.12142983824014664 0.012050520605142686
51 val: 0.12123946249485015 0.012312306067011248
52 val: 0.12116740643978119 0.011760842380101971
53 val: 0.12109671682119369 0.011749840983091198
54 val: 0.12085774093866349 0.011344024672825772
55 val: 0.12129363417625427 0.012673990172201983
56 val: 0.12125617861747742 0.012218168283265239
57 val: 0.12084795385599137 0.012781511904008011
58 val: 0.12048886716365814 0.0119433247253117
59 val: 0.12096090018749237 0.01177903066662639
60 val: 0.12069552689790726 0.01224601311658585
61 val: 0.12067335098981857 0.011738375693129188
62 val: 0.12099486589431763 0.012161394518698609
63 val: 0.1209443524479866 0.012520283805274314
64 val: 0.12069791257381439 0.012450536278204976
65 val: 0.12087535709142685 0.011983631863407555
66 val: 0.12042603492736817 0.012035131528484986
67 val: 0.12034146785736084 0.011996259453983816
68 val: 0.12051874101161957 0.012134253760559068
69 val: 0.12110283076763154 0.0126222049159214
70 val: 0.12028394639492035 0.012025187987656671
