1 val: 0.08929149210453033 0.008566914493340232
2 val: 0.08829058706760406 0.009239670143112897
3 val: 0.08745109140872956 0.007770595503957671
4 val: 0.08514322340488434 0.008196306590971699
5 val: 0.08437994420528412 0.008079576079070035
6 val: 0.08296689689159394 0.007940106553904347
7 val: 0.08175035715103149 0.00837817876522353
8 val: 0.08104600459337234 0.008334782029404143
9 val: 0.08017455488443374 0.008550400456958044
10 val: 0.07946305721998215 0.0083125057510027
11 val: 0.07861159890890121 0.008595539577162248
12 val: 0.07821663320064545 0.008719425172662675
13 val: 0.07762237936258316 0.00860937559229607
14 val: 0.07734014689922333 0.008594277347122821
15 val: 0.07704249024391174 0.00879040730563904
16 val: 0.07681131362915039 0.008579058834992987
17 val: 0.07666928619146347 0.008935498667916684
18 val: 0.07625244557857513 0.009041290693054944
19 val: 0.07611968964338303 0.008931082818931834
20 val: 0.07611024081707 0.009062783401769667
21 val: 0.07571415901184082 0.00893775604928031
22 val: 0.07561768740415573 0.008878246958285018
23 val: 0.07576932460069656 0.008744467333040745
24 val: 0.075743667781353 0.0089145077769515
25 val: 0.075472192466259 0.008685429607457953
26 val: 0.07545911520719528 0.008658349458352801
27 val: 0.07539056539535523 0.008721069639169313
28 val: 0.07549153864383698 0.008718625527377299
29 val: 0.07541847378015518 0.008763331254390445
30 val: 0.07514132410287858 0.008974910363218921
31 val: 0.07521667033433914 0.008853812679408397
32 val: 0.07523707896471024 0.00882693454825877
33 val: 0.07503175884485244 0.008968262521181825
34 val: 0.07509092688560486 0.00874369738837596
35 val: 0.07497682720422745 0.009030704666068494
36 val: 0.07499710321426392 0.008867088907978656
37 val: 0.07499165087938309 0.008760285146072962
38 val: 0.07490451186895371 0.008954086660250726
39 val: 0.07478803098201751 0.009142171579139678
40 val: 0.07487297505140304 0.00902570390679762
41 val: 0.07473601400852203 0.008877446395293264
42 val: 0.07470574527978897 0.009046678930233552
43 val: 0.07466844618320465 0.008952294686269279
44 val: 0.0745506837964058 0.009018576746395108
45 val: 0.07454772740602493 0.009124129334639042
46 val: 0.07453610450029373 0.00918528508474873
47 val: 0.07455004900693893 0.008946868489842724
48 val: 0.07465229034423829 0.0090743367669261
49 val: 0.07445362806320191 0.008879253735776535
50 val: 0.0744399294257164 0.00881150117860121
51 val: 0.07446113079786301 0.00906358046680921
52 val: 0.07461255937814712 0.00876156264214375
53 val: 0.07431005388498306 0.008852133403563571
54 val: 0.07449940592050552 0.009057037871741724
55 val: 0.07442754656076431 0.009103782973548098
56 val: 0.0743491992354393 0.008875464137100155
57 val: 0.07442063689231873 0.009013304591152013
58 val: 0.07419824600219727 0.008953343359386166
59 val: 0.07421941757202148 0.008848416400756834
60 val: 0.07451852411031723 0.008849478169232903
61 val: 0.07428462952375411 0.008967294810935451
62 val: 0.07425829172134399 0.009001666265140592
63 val: 0.0741875559091568 0.00884636721697944
64 val: 0.07415631413459778 0.008946673587060628
65 val: 0.07431060522794723 0.00898611646491167
66 val: 0.07437234818935394 0.00901162266761221
67 val: 0.07426437437534332 0.00910930581690187
68 val: 0.07431417405605316 0.008816931620735198
69 val: 0.07417422086000443 0.008933694088784925
70 val: 0.07431963086128235 0.009071510174178864
