1 val: 0.09226040840148926 0.008192032152955792
2 val: 0.09114881306886673 0.008525090800573657
3 val: 0.09006485491991043 0.009677071890669665
4 val: 0.08964356929063796 0.010875877994758375
5 val: 0.08899772018194199 0.011292311934895823
6 val: 0.0873487189412117 0.012089577619174523
7 val: 0.08542255908250809 0.011955084623310613
8 val: 0.08391582816839219 0.011325812805076543
9 val: 0.08215311020612717 0.011319586338671628
10 val: 0.08130136877298355 0.011580390137181778
11 val: 0.07976810336112976 0.01127189026133252
12 val: 0.07844082564115525 0.010938833894014425
13 val: 0.07765961438417435 0.01106018208150676
14 val: 0.07707211822271347 0.010962628173699827
15 val: 0.07677329033613205 0.010816164563606092
16 val: 0.0757751315832138 0.010481452525942354
17 val: 0.07512514740228653 0.01032529200188381
18 val: 0.074833844602108 0.010323641467106128
19 val: 0.0747142717242241 0.009951920724214306
20 val: 0.0739583969116211 0.01027379331093971
21 val: 0.07385601401329041 0.010225886927957109
22 val: 0.07334086447954177 0.010302458928532113
23 val: 0.07326504588127136 0.0101724384049701
24 val: 0.07299873232841492 0.010208020147280825
25 val: 0.07249202132225037 0.010068596547492831
26 val: 0.07268424034118652 0.010048415217988937
27 val: 0.07241768091917038 0.010277218388462546
28 val: 0.07200874835252762 0.010059230750614873
29 val: 0.07218009680509567 0.010155988477243812
30 val: 0.07186149954795837 0.009988741843214988
31 val: 0.07185308933258057 0.010094690944582365
32 val: 0.07168132662773133 0.009903040845177855
33 val: 0.07141247242689133 0.009826594842517323
34 val: 0.07166586667299271 0.009934213054558607
35 val: 0.07131958156824111 0.010084708187199943
36 val: 0.07134899646043777 0.010025373643200657
37 val: 0.07164266407489776 0.009940665510630031
38 val: 0.07116476446390152 0.009842656041987136
39 val: 0.07129067927598953 0.009867521727656951
40 val: 0.0714147850871086 0.010022293405199724
41 val: 0.0711642324924469 0.009858678341112008
42 val: 0.07083138674497605 0.009817558866934835
43 val: 0.07134714126586914 0.010112414234272345
44 val: 0.07091279178857804 0.009767919928744971
45 val: 0.07091532945632935 0.01002350062483083
46 val: 0.07075906842947007 0.009471854187437742
47 val: 0.07093398123979569 0.00995963658784471
48 val: 0.0708524838089943 0.009972079915428778
49 val: 0.07070577740669251 0.009997976769192748
50 val: 0.07069114446640015 0.009757140337427975
51 val: 0.07070550620555878 0.009613396822562995
52 val: 0.07075307816267014 0.010163355675611952
53 val: 0.0705412819981575 0.009739094949825873
54 val: 0.07049216628074646 0.010234832177332997
55 val: 0.07033509686589241 0.009947896976087412
56 val: 0.07043117433786392 0.009983566374492733
57 val: 0.0703954428434372 0.009966541344754266
58 val: 0.07048565298318862 0.010068270849936493
59 val: 0.07047813534736633 0.009852007559344799
60 val: 0.07031813710927963 0.009769912394989507
61 val: 0.07021149396896362 0.00991751448529981
62 val: 0.07029026299715042 0.009784340116156422
63 val: 0.07035642266273498 0.010025729620980662
64 val: 0.0701941929757595 0.009813623025949743
65 val: 0.07024331614375115 0.010175096598168627
66 val: 0.07023215740919113 0.009810809832240313
67 val: 0.07005824968218803 0.009915765995669715
68 val: 0.07010069638490676 0.00952276322165113
69 val: 0.07016080245375633 0.00970398688591821
70 val: 0.07006068229675293 0.009690565428243331
