1 val: 0.09412499964237213 0.008524433452360095
2 val: 0.09266910254955292 0.009221631174366477
3 val: 0.09163514822721482 0.00979802771310316
4 val: 0.09127443134784699 0.011254719999740325
5 val: 0.08973474055528641 0.012771869873727604
6 val: 0.08735765516757965 0.013530818489279964
7 val: 0.08506845831871032 0.012384644745843705
8 val: 0.08222794830799103 0.0115184118921976
9 val: 0.08046944141387939 0.010742764553584024
10 val: 0.07812622040510178 0.011233636626646816
11 val: 0.07715348601341247 0.010878151398959595
12 val: 0.07594095915555954 0.010934864328989814
13 val: 0.07488516569137574 0.011194450527524321
14 val: 0.07415569871664048 0.011120479292600108
15 val: 0.0735984280705452 0.010759962152658295
16 val: 0.07273414134979247 0.010148048113201172
17 val: 0.07265306115150452 0.010599232044901175
18 val: 0.07191503942012786 0.010596085417404392
19 val: 0.07151810824871063 0.010220545863770093
20 val: 0.07116372138261795 0.010474908572875417
21 val: 0.07110027968883514 0.010629066295119774
22 val: 0.07072663605213166 0.01051565936548441
23 val: 0.07053765803575515 0.01011657568831073
24 val: 0.07020472437143326 0.010378435670606506
25 val: 0.07002661973237992 0.010469297625636267
26 val: 0.07002440094947815 0.010427635691897117
27 val: 0.06940222531557083 0.010199246081458117
28 val: 0.06922104507684708 0.010327958761489793
29 val: 0.06924328729510307 0.010699142407551883
30 val: 0.06895440295338631 0.010355987773435231
31 val: 0.06897535920143127 0.010180549994747976
32 val: 0.06893689185380936 0.010248012857319093
33 val: 0.0686146266758442 0.010471259199375622
34 val: 0.06859076544642448 0.01062132487021536
35 val: 0.06841990873217582 0.010455256331600793
36 val: 0.06829110234975815 0.010407017011586207
37 val: 0.06833260878920555 0.010630910470269182
38 val: 0.06809609159827232 0.010296400613031392
39 val: 0.06804899498820305 0.010393975454867041
40 val: 0.06806025430560111 0.010399136937496911
41 val: 0.06775611564517021 0.010310594973204041
42 val: 0.0679440125823021 0.010363688649503445
43 val: 0.0676843211054802 0.010214509067700828
44 val: 0.06773217767477036 0.010022258179248657
45 val: 0.06771991401910782 0.010364625484083633
46 val: 0.0677313819527626 0.01024712268406435
47 val: 0.06751493439078331 0.010205057658860197
48 val: 0.06752927377820014 0.010270132805157204
49 val: 0.06735366582870483 0.010521606931113437
50 val: 0.06733929514884948 0.010051326356082241
51 val: 0.06717262864112854 0.010468970186413618
52 val: 0.06735103651881218 0.009944615630873756
53 val: 0.06729038059711456 0.010088906902057057
54 val: 0.06715185642242431 0.010255588356690782
55 val: 0.06709000840783119 0.010059162816553613
56 val: 0.06714924350380898 0.010165702608594694
57 val: 0.06698600351810455 0.010282598946582382
58 val: 0.06691907122731208 0.010153554644319662
59 val: 0.06703419387340545 0.010204203949769633
60 val: 0.06675482243299484 0.010168132489000477
61 val: 0.06682135835289955 0.009921291182028396
62 val: 0.06678166687488556 0.010219176030288983
63 val: 0.06663884669542312 0.010164963718569068
64 val: 0.06659111082553863 0.009993339656757194
65 val: 0.06660621613264084 0.010010984745975166
66 val: 0.06659985333681107 0.01020935198232107
67 val: 0.0667280949652195 0.01004047864584327
68 val: 0.06665109544992447 0.010511265611224261
69 val: 0.06645665392279625 0.010143203708724702
70 val: 0.06644465997815133 0.010169273777140843
