1 val: 0.09986028671264649 0.007804072486939262
2 val: 0.09892327338457108 0.00803819535167963
3 val: 0.09850855618715286 0.007980313963985844
4 val: 0.09829442501068116 0.007762005067864973
5 val: 0.09800831824541092 0.007728409340772842
6 val: 0.09874722808599472 0.00928232529162745
7 val: 0.09842772483825683 0.010169072272178434
8 val: 0.09802833944559097 0.010383368273267206
9 val: 0.09880165308713913 0.009391435818851863
10 val: 0.09894511252641677 0.00978638792154277
11 val: 0.09919985234737397 0.009813903226030289
12 val: 0.09848309606313706 0.0095404130025491
13 val: 0.09776612967252732 0.010826496852821424
14 val: 0.09718077778816223 0.011396035936370405
15 val: 0.09703503549098969 0.011130846945037654
16 val: 0.09585605263710022 0.011057052298808113
17 val: 0.09586064666509628 0.010474977169681965
18 val: 0.09494599401950836 0.010722440633549893
19 val: 0.09434435963630676 0.010437389449779707
20 val: 0.09402762353420258 0.010113200057987994
21 val: 0.09288425147533416 0.010289157787881368
22 val: 0.09253968745470047 0.009819383612583268
23 val: 0.0912267416715622 0.009742936049185887
24 val: 0.0908303365111351 0.009478806815496458
25 val: 0.09022253751754761 0.010102829917560277
26 val: 0.08960464894771576 0.009810818658142947
27 val: 0.08903190493583679 0.009852500404106528
28 val: 0.08873322606086731 0.009274228197003912
29 val: 0.0885132059454918 0.00981680889122668
30 val: 0.08820654898881912 0.009977992988374998
31 val: 0.08781639486551285 0.009261075189251055
32 val: 0.08757937401533127 0.009640151773686625
33 val: 0.08710788786411286 0.009515699940536219
34 val: 0.08732415735721588 0.009986667682640456
35 val: 0.08685299158096313 0.010064980404697513
36 val: 0.08631663918495178 0.009298490884975015
37 val: 0.08650545328855515 0.009499506075231161
38 val: 0.086601522564888 0.009499838758741934
39 val: 0.08604499846696853 0.009656871957755431
40 val: 0.08629690557718277 0.00962300394189906
41 val: 0.08582490235567093 0.00949945189104734
42 val: 0.08545037508010864 0.009345223009252326
43 val: 0.08567717224359513 0.009414667331872325
44 val: 0.08517172187566757 0.009239284778487433
45 val: 0.08497016727924347 0.009311029487332097
46 val: 0.08505479395389556 0.009008623301337193
47 val: 0.0848499983549118 0.009471219944656847
48 val: 0.08498070240020753 0.009330736017333677
49 val: 0.08482939749956131 0.0091300529303326
50 val: 0.08430691510438919 0.00902273027955545
51 val: 0.08429868370294571 0.009268841801409895
52 val: 0.08440357297658921 0.008874187554089917
53 val: 0.08410009890794753 0.00884363936137478
54 val: 0.08445636481046677 0.008433318969230148
55 val: 0.0840723842382431 0.008797175550657338
56 val: 0.08440890014171601 0.009384370068575162
57 val: 0.08384788632392884 0.009135221054557335
58 val: 0.08389779031276703 0.009387021267947373
59 val: 0.08384817838668823 0.008892964827184218
60 val: 0.08375902473926544 0.008769525404219167
61 val: 0.08363680392503739 0.008930945455922943
62 val: 0.08365890830755233 0.00900953679542529
63 val: 0.08376743495464326 0.008815552114969365
64 val: 0.08393116295337677 0.008946208667212477
65 val: 0.08364819437265396 0.00881989000339449
66 val: 0.08377051949501038 0.008559089434461693
67 val: 0.0835503339767456 0.008619862892079925
68 val: 0.08340217918157578 0.008659123746902739
69 val: 0.08337546586990356 0.008647419751732105
70 val: 0.08354576081037521 0.008611202445477554
