1 val: 0.08764198571443557 0.008763485570032668
2 val: 0.08677966594696045 0.009421681877377009
3 val: 0.08492180854082107 0.010164800516350011
4 val: 0.08257017582654953 0.0091114138313879
5 val: 0.08217772096395493 0.009117142436788156
6 val: 0.08049430102109909 0.009182381301869585
7 val: 0.07929011136293411 0.009381102471900302
8 val: 0.0784441277384758 0.009807518245810287
9 val: 0.07816383391618728 0.009710715473267207
10 val: 0.07758130580186844 0.009061835188306206
11 val: 0.07684528082609177 0.009397790883869463
12 val: 0.07709648162126541 0.00959503265911996
13 val: 0.07638969421386718 0.009588247248606496
14 val: 0.07627590894699096 0.009240363726050561
15 val: 0.0760794460773468 0.009306007616036756
16 val: 0.07559757381677627 0.009335952442915763
17 val: 0.07549516558647155 0.00945223192694073
18 val: 0.07546945363283157 0.009319673654160967
19 val: 0.07558331787586212 0.009463916778488006
20 val: 0.07525917887687683 0.00947347370076066
21 val: 0.07513357996940613 0.009587240518567653
22 val: 0.07470144778490066 0.009565210015805882
23 val: 0.07471091449260711 0.009505518205555778
24 val: 0.07459143251180649 0.009894773498209383
25 val: 0.07478162795305252 0.009712801110361881
26 val: 0.07470370680093766 0.00963323989480551
27 val: 0.07464260458946229 0.009541833697114204
28 val: 0.07471146136522293 0.00973875733329
29 val: 0.07477116286754608 0.009714576932549967
30 val: 0.07473451048135757 0.009776633152778515
31 val: 0.07452185302972794 0.009652783464645449
32 val: 0.0744168683886528 0.009749985922207789
33 val: 0.07439907938241959 0.009643556072849713
34 val: 0.07443678677082062 0.009900145535446532
35 val: 0.07443400919437408 0.009915373632780325
36 val: 0.07425073236227035 0.009689552076620336
37 val: 0.07429845184087754 0.009820352060005985
38 val: 0.07439721673727036 0.009647018395722216
39 val: 0.07445722073316574 0.009952994891749688
40 val: 0.07443965375423431 0.009897447613259103
41 val: 0.07450031042098999 0.009911215231540524
42 val: 0.07407128661870957 0.009761802820676352
43 val: 0.07423750758171081 0.009841934957997995
44 val: 0.07410159707069397 0.009957644103828009
45 val: 0.07407008111476898 0.009788918322046918
46 val: 0.07421580255031586 0.009646459428808764
47 val: 0.07410615235567093 0.009702508470527229
48 val: 0.07404158562421799 0.009886036270107989
49 val: 0.07441671192646027 0.009802615533756264
50 val: 0.07410096675157547 0.009671124518704716
51 val: 0.07422617822885513 0.009756881937738294
52 val: 0.07399878650903702 0.009894234929105586
53 val: 0.07404552251100541 0.009699206948650141
54 val: 0.07389697134494781 0.009878120832360912
55 val: 0.07420027256011963 0.00976791561329857
56 val: 0.07397713363170624 0.00994507342602259
57 val: 0.07393484562635422 0.009699132875421167
58 val: 0.07400198429822921 0.009758091756634677
59 val: 0.07412335723638534 0.009562749213145516
60 val: 0.0740057349205017 0.009793901769505781
61 val: 0.07408782690763474 0.009611612051352561
62 val: 0.07379609197378159 0.009857881717092773
63 val: 0.07390177547931671 0.009724985387841405
64 val: 0.07395844608545303 0.009919630315881752
65 val: 0.07394431680440902 0.009965246663853178
66 val: 0.07410669922828675 0.009996750209613096
67 val: 0.07401513755321502 0.009692965382920268
68 val: 0.07400289475917816 0.010142125481995348
69 val: 0.07392141669988632 0.00964501450375439
70 val: 0.0737420678138733 0.009672884225881112
