1 val: 0.09817041903734207 0.009606188795834227
2 val: 0.09746977984905243 0.00949251080130523
3 val: 0.0974975973367691 0.009528216748424126
4 val: 0.09762857407331467 0.009345697069686255
5 val: 0.09769285023212433 0.00894476962342283
6 val: 0.09798056185245514 0.00929352338387553
7 val: 0.09765333086252212 0.008885560007169564
8 val: 0.09723904132843017 0.009307604448377863
9 val: 0.09672983586788178 0.00892275772667605
10 val: 0.0967453345656395 0.009705995454495799
11 val: 0.0967528611421585 0.00960309067761001
12 val: 0.09637447744607926 0.009415387431239267
13 val: 0.09598269611597061 0.009871281457499216
14 val: 0.0957463413476944 0.009950554061618396
15 val: 0.0954493835568428 0.009878356299801879
16 val: 0.09479799568653106 0.010174965029832457
17 val: 0.09461986124515534 0.009932035835023464
18 val: 0.09415475875139237 0.010338881471174113
19 val: 0.09389063417911529 0.010952756618983447
20 val: 0.09381799250841141 0.011026655500703388
21 val: 0.09360749572515488 0.010994653406445131
22 val: 0.09295419752597808 0.011611852475994715
23 val: 0.09225621968507766 0.010865823614256285
24 val: 0.0920955166220665 0.011159827908651353
25 val: 0.09129764437675476 0.01062265141126539
26 val: 0.09113716036081314 0.010326539562591545
27 val: 0.09049882739782333 0.010708618877781354
28 val: 0.08996648788452148 0.010248369788427133
29 val: 0.0896646648645401 0.010357549675004771
30 val: 0.08958289325237274 0.010955503109992399
31 val: 0.08892869055271149 0.010210230994854286
32 val: 0.08851857781410218 0.010567521707879357
33 val: 0.08849269896745682 0.01006343926705354
34 val: 0.08820577710866928 0.010505678231964364
35 val: 0.08773445785045624 0.010641775883290237
36 val: 0.08745225071907044 0.010450445115471437
37 val: 0.08739147037267685 0.01059782777231702
38 val: 0.08681396394968033 0.010002622968590617
39 val: 0.08685205280780792 0.010844265967034158
40 val: 0.08641972839832306 0.010559739016433922
41 val: 0.08636384457349777 0.010819385269617716
42 val: 0.08604087680578232 0.010746418740692272
43 val: 0.08617809265851975 0.010738449103239485
44 val: 0.08581480532884597 0.01070674271961388
45 val: 0.08535034358501434 0.010670969737980806
46 val: 0.08529851138591767 0.010293869793080525
47 val: 0.08519182056188583 0.010377860653256969
48 val: 0.08498632609844207 0.010175953776020943
49 val: 0.08513839840888977 0.010235894660836216
50 val: 0.08484800904989243 0.009909132129559205
51 val: 0.08449483662843704 0.010364927514343425
52 val: 0.08435035198926925 0.010211556397111623
53 val: 0.08479517698287964 0.00988022494602891
54 val: 0.08468876481056213 0.009817770834203824
55 val: 0.08460611999034881 0.010004781244749903
56 val: 0.08440295308828354 0.010151428167389787
57 val: 0.0843107670545578 0.010310723852159354
58 val: 0.08394989222288132 0.010161891568013516
59 val: 0.08408545702695847 0.010087414687777364
60 val: 0.08403161764144898 0.010103496938949613
61 val: 0.08375589847564698 0.009971008053471323
62 val: 0.08392093777656555 0.01024356611382219
63 val: 0.08351811915636062 0.01008023464994549
64 val: 0.0836597055196762 0.010355192734704873
65 val: 0.08365628272294998 0.010368629292395007
66 val: 0.08379513025283813 0.009843219715468775
67 val: 0.08336067497730255 0.009858980692522739
68 val: 0.08352150171995162 0.009679433215842493
69 val: 0.08328956216573716 0.009903133191059493
70 val: 0.08341367393732071 0.009774270455992369
