1 val: 0.09054027497768402 0.00903956843099197
2 val: 0.08900367766618729 0.008954785290694676
3 val: 0.0887491226196289 0.009399939139111408
4 val: 0.08779331147670746 0.009110671806567227
5 val: 0.08611715883016587 0.008770547360580099
6 val: 0.08497029393911362 0.009102855368520305
7 val: 0.08376874923706054 0.0097745766740828
8 val: 0.08270148336887359 0.010076185718192288
9 val: 0.08156526833772659 0.010509798356685425
10 val: 0.0805511623620987 0.010517942371329206
11 val: 0.07943848818540573 0.01048698850119948
12 val: 0.07908042371273041 0.010320359469627713
13 val: 0.07865428924560547 0.010072963925302597
14 val: 0.07795605957508087 0.0103195293701164
15 val: 0.07822807878255844 0.010038866454462633
16 val: 0.0772862583398819 0.009845996632728721
17 val: 0.07716093957424164 0.01039603526471401
18 val: 0.0769501656293869 0.010077653662067497
19 val: 0.07699554562568664 0.009970189614224386
20 val: 0.07656636238098144 0.010187453646181161
21 val: 0.07626482993364334 0.01023367415039552
22 val: 0.07600516527891159 0.010566231405954859
23 val: 0.07606718093156814 0.00997162540937967
24 val: 0.07597697079181671 0.009955570417608722
25 val: 0.07588008642196656 0.009959289515270912
26 val: 0.07580593228340149 0.009902087872001085
27 val: 0.07546147853136062 0.010044813957370422
28 val: 0.07519130259752274 0.010074561110752918
29 val: 0.07538926154375077 0.01009668671814243
30 val: 0.07533945441246033 0.010069536218942035
31 val: 0.07523005604743957 0.009638316193043223
32 val: 0.07535954862833023 0.009883682240772265
33 val: 0.07511976361274719 0.010094565002492562
34 val: 0.07516130059957504 0.009728571821005725
35 val: 0.07505453824996948 0.009930223643094553
36 val: 0.07498921751976013 0.01010786298458235
37 val: 0.07485714107751847 0.009876985226037416
38 val: 0.07465502172708512 0.009715602737312295
39 val: 0.07487069815397263 0.01002420856856154
40 val: 0.0747106835246086 0.009921530080437274
41 val: 0.07457621842622757 0.009875525886985394
42 val: 0.07460414469242097 0.0098156708977624
43 val: 0.07477255910634995 0.010033814948164807
44 val: 0.07446337044239044 0.009992520486806444
45 val: 0.07458058148622512 0.00995695501082762
46 val: 0.07447057068347931 0.009932159851506714
47 val: 0.07459203749895096 0.009856783260831701
48 val: 0.07435522377490997 0.010028091457832528
49 val: 0.0744271844625473 0.00969945051953765
50 val: 0.07434734404087066 0.009982101659316126
51 val: 0.07440913319587708 0.010047364586553573
52 val: 0.07420496344566345 0.009806171870326268
53 val: 0.07425696402788162 0.00976335771860822
54 val: 0.07431258261203766 0.009946326189487546
55 val: 0.07426170259714127 0.00986441742533205
56 val: 0.07428707182407379 0.009959794027867298
57 val: 0.07432871758937835 0.009863079494542399
58 val: 0.07416286617517472 0.009935427406137735
59 val: 0.07423315942287445 0.009802539419270938
60 val: 0.07417813688516617 0.009935423021157344
61 val: 0.07429198771715165 0.009821524786074861
62 val: 0.07419248819351196 0.01011260701482751
63 val: 0.07389948815107346 0.009817593851782247
64 val: 0.0741333782672882 0.009896516042288443
65 val: 0.07419389486312866 0.010157144526300135
66 val: 0.07412347942590714 0.010049457048347496
67 val: 0.07423162758350373 0.009994300731988608
68 val: 0.07410932779312134 0.010008312904745582
69 val: 0.07401693463325501 0.010224226479186325
70 val: 0.07409929484128952 0.009907813165000934
