1 val: 0.09178468585014343 0.008226288139413195
2 val: 0.09128923565149308 0.008459142595050807
3 val: 0.09049024730920792 0.008574007520213756
4 val: 0.09019014686346054 0.009479512119465357
5 val: 0.08884020298719406 0.010869604243324876
6 val: 0.08743475377559662 0.010490808753925341
7 val: 0.08590191602706909 0.011625381123632894
8 val: 0.08455787301063537 0.011845206099252343
9 val: 0.08339636027812958 0.011195882785378414
10 val: 0.08258957266807557 0.011149644234340313
11 val: 0.08085156828165055 0.010600871456891191
12 val: 0.08061266988515854 0.010065124951668527
13 val: 0.07952849715948104 0.010196753171532954
14 val: 0.07855534553527832 0.010027344094442957
15 val: 0.07840171754360199 0.009601265752371402
16 val: 0.07770484536886216 0.009842257020790007
17 val: 0.07757949531078338 0.009793007915096286
18 val: 0.07673295140266419 0.009699874825006137
19 val: 0.07621444016695023 0.009748616814613798
20 val: 0.07594045847654343 0.009662268019691361
21 val: 0.07562593519687652 0.009665388028170699
22 val: 0.07567674666643143 0.009459309402688843
23 val: 0.07535343170166016 0.009730980599376864
24 val: 0.0750478133559227 0.009554444512951475
25 val: 0.07531017512083053 0.009908958990992792
26 val: 0.07504691481590271 0.00977493479941323
27 val: 0.07458439767360688 0.009834045664090803
28 val: 0.07430682480335235 0.009611057519355115
29 val: 0.07446860074996949 0.009471951219752547
30 val: 0.07424289584159852 0.009696197186112143
31 val: 0.07391011416912079 0.009611861281052911
32 val: 0.07395463734865189 0.009610707713638538
33 val: 0.07396900355815887 0.00976677391965097
34 val: 0.07414737641811371 0.00959470248474033
35 val: 0.07378248125314713 0.009766002062786409
36 val: 0.07369684875011444 0.009673031908635398
37 val: 0.07351519912481308 0.009731642863799139
38 val: 0.07358611673116684 0.00936193633088466
39 val: 0.07350238412618637 0.009747355033679666
40 val: 0.07332035154104233 0.00966777321171778
41 val: 0.07316500395536422 0.009609383637591876
42 val: 0.07319111824035644 0.009689521279185157
43 val: 0.07308504730463028 0.009735398299288265
44 val: 0.07290555238723755 0.009606198466967898
45 val: 0.07294124066829681 0.009886856714339682
46 val: 0.0728496104478836 0.009685424567413592
47 val: 0.07293936014175414 0.009712947165882509
48 val: 0.07292733639478684 0.009676366762527321
49 val: 0.07294710278511048 0.00972418004359611
50 val: 0.07263879179954529 0.00963909171367479
51 val: 0.0726985678076744 0.009542525352900455
52 val: 0.07266242355108261 0.00955755175130131
53 val: 0.07259521782398223 0.009679414166357885
54 val: 0.07235545068979263 0.00971946404642935
55 val: 0.07275826185941696 0.009828865013016972
56 val: 0.07238994538784027 0.009732274244499775
57 val: 0.07258113622665405 0.009847555587007797
58 val: 0.07227599173784256 0.009874145853514812
59 val: 0.07237804979085923 0.009750120248306147
60 val: 0.07223674058914184 0.009829407848011812
61 val: 0.072262442111969 0.009719007438043294
62 val: 0.07236027270555496 0.009985585611802756
63 val: 0.07221771329641342 0.009766662013308796
64 val: 0.0721609726548195 0.00991029393377028
65 val: 0.07219124138355255 0.00964619244140308
66 val: 0.07212523221969605 0.0097533036779245
67 val: 0.07231402397155762 0.009859364895399571
68 val: 0.07215739339590073 0.009820618013425283
69 val: 0.07235523164272309 0.009986003288736514
70 val: 0.07220602929592132 0.010104338097972934
