1 val: 0.09161737263202667 0.008100901259950211
2 val: 0.09044590145349503 0.008147217634032108
3 val: 0.0900387167930603 0.008445957824819657
4 val: 0.09000560194253922 0.008546137843331927
5 val: 0.09037687331438064 0.009651204287963568
6 val: 0.08988121002912522 0.010049233744612059
7 val: 0.0894771859049797 0.010010333811077106
8 val: 0.08841542303562164 0.010297731097106947
9 val: 0.08752188384532929 0.009837713201929445
10 val: 0.08666154146194457 0.01068825215008061
11 val: 0.08565162867307663 0.010423876796358818
12 val: 0.08496138453483582 0.009870351872665878
13 val: 0.08431634604930878 0.010060407293835592
14 val: 0.08358190208673477 0.010141890558312328
15 val: 0.08357611745595932 0.009614257083863634
16 val: 0.08280307054519653 0.00938648690583124
17 val: 0.08242081850767136 0.009589891540699773
18 val: 0.08191385716199875 0.009676082651360988
19 val: 0.0821823611855507 0.009606295273600055
20 val: 0.08155187517404557 0.009813750465191007
21 val: 0.08091996461153031 0.009379660883044007
22 val: 0.08067076802253723 0.009401485270755624
23 val: 0.08092001378536225 0.008944044258852831
24 val: 0.08040725439786911 0.008966547143843975
25 val: 0.08036505728960038 0.00944366596902552
26 val: 0.08001528084278106 0.009247341236039954
27 val: 0.07974246889352798 0.009207489683273805
28 val: 0.07967858761548996 0.00906847625316599
29 val: 0.07973522841930389 0.00908860807862311
30 val: 0.07953919470310211 0.00918795523138134
31 val: 0.07936831116676331 0.008888137331542532
32 val: 0.07931036055088043 0.009132588228279762
33 val: 0.07901147305965424 0.00924988640834532
34 val: 0.07911303192377091 0.008906822898223402
35 val: 0.07896713465452194 0.009286841686359723
36 val: 0.07877455353736877 0.008854410500746816
37 val: 0.07894841283559799 0.009167223935377763
38 val: 0.07877586483955383 0.008962655327598384
39 val: 0.07850401997566223 0.009084174136697582
40 val: 0.07871071398258209 0.008895578154532782
41 val: 0.07847313135862351 0.008954885325152316
42 val: 0.07840960323810578 0.008910861062118584
43 val: 0.07843642234802246 0.00910530579162142
44 val: 0.07828772217035293 0.008758740283089896
45 val: 0.07836873382329941 0.009159110010340322
46 val: 0.07835299372673035 0.008896382603521472
47 val: 0.0784191831946373 0.009094933751389755
48 val: 0.07814851552248 0.008775277487382308
49 val: 0.07818390280008317 0.008974837521697112
50 val: 0.0780088797211647 0.009033572295731939
51 val: 0.07792956978082657 0.009023529402263912
52 val: 0.07787974625825882 0.009016482372968017
53 val: 0.07804735749959946 0.008708193951385773
54 val: 0.07799676209688186 0.00897023477889132
55 val: 0.07784761786460877 0.008840741563223656
56 val: 0.07787244319915772 0.008931405050945126
57 val: 0.07762225568294526 0.009001531192438262
58 val: 0.07784423679113388 0.009058848671771385
59 val: 0.077882120013237 0.008705602428541454
60 val: 0.0778382107615471 0.008798695528391246
61 val: 0.07784562855958939 0.009044914751385988
62 val: 0.07797465622425079 0.009088352015693002
63 val: 0.07756231725215912 0.008842349929242523
64 val: 0.07768348604440689 0.009192763958181766
65 val: 0.07798647284507751 0.008954484873021556
66 val: 0.07769166976213455 0.008837150542180478
67 val: 0.07775960862636566 0.008873763810022068
68 val: 0.0776980996131897 0.009079229696498967
69 val: 0.07771008610725402 0.008783622211673609
70 val: 0.07773788422346115 0.008960444252857896
