1 val: 0.13903838396072388 0.00735699537926057
2 val: 0.13593754768371583 0.008558103309313815
3 val: 0.13416310548782348 0.011471000501726928
4 val: 0.13259381353855132 0.012404296084677345
5 val: 0.1305144712328911 0.011615370344059099
6 val: 0.1294294625520706 0.013072474939849052
7 val: 0.1287815421819687 0.01316809778214853
8 val: 0.12666225731372832 0.013521606791865013
9 val: 0.12602741718292237 0.0135598153239195
10 val: 0.1244006723165512 0.013202039256036989
11 val: 0.12353721410036086 0.013760480661028073
12 val: 0.12352332025766373 0.013178980175794393
13 val: 0.12164476215839386 0.012201864155037377
14 val: 0.12144768387079238 0.011852995529467288
15 val: 0.12182825654745102 0.01270686570723347
16 val: 0.12038359642028809 0.012327660926760114
17 val: 0.12054218053817749 0.012183467167568875
18 val: 0.1196751981973648 0.01227284710584386
19 val: 0.11979850679636002 0.013045937924305886
20 val: 0.11966005265712738 0.012133423050845709
21 val: 0.11940716058015824 0.01190973752268229
22 val: 0.11927226185798645 0.012214093280268859
23 val: 0.11863921284675598 0.012735605619601962
24 val: 0.11894426941871643 0.012115769833372363
25 val: 0.11868014037609101 0.011555702166890745
26 val: 0.11829277575016021 0.011785729684271684
27 val: 0.11854554861783981 0.012168596507898637
28 val: 0.11855215132236481 0.011473201536397644
29 val: 0.11800413131713867 0.012386951479635202
30 val: 0.11806668937206269 0.011625544739392485
31 val: 0.11834614425897598 0.012283393085372145
32 val: 0.11777996271848679 0.012346944761832247
33 val: 0.11823710203170776 0.012011127856046563
34 val: 0.11758690476417541 0.012197282662845536
35 val: 0.11810340136289596 0.012911350819740902
36 val: 0.11707396507263183 0.012488216179860064
37 val: 0.1176829069852829 0.01216591211971214
38 val: 0.11760319769382477 0.01209628010553393
39 val: 0.11771833151578903 0.012253196796088887
40 val: 0.11733555346727371 0.011926576939263462
41 val: 0.11653131246566772 0.012484111683256048
42 val: 0.11628138273954391 0.01230122063100954
43 val: 0.11728477776050568 0.01266576572210501
44 val: 0.11713766604661942 0.013169839760890121
45 val: 0.1161196619272232 0.012935692366128543
46 val: 0.11697260290384293 0.012387937197336128
47 val: 0.11702539622783661 0.012018900435440082
48 val: 0.11664297878742218 0.012487507594134747
49 val: 0.11678787171840668 0.012412385614128387
50 val: 0.11572602391242981 0.01222421754809595
51 val: 0.11648687869310378 0.012531057134539031
52 val: 0.11595565378665924 0.012890451741986816
53 val: 0.1166614443063736 0.012887520103416428
54 val: 0.11655808687210083 0.012375074791139373
55 val: 0.11616113781929016 0.01352694588585218
56 val: 0.1158490777015686 0.013123372067705032
57 val: 0.1167334645986557 0.013772082762650073
58 val: 0.11614562571048737 0.012929123774292823
59 val: 0.11638711541891097 0.0125566336836914
60 val: 0.1158974140882492 0.012347850401718105
61 val: 0.11563628613948822 0.01301213761458595
62 val: 0.11586071848869324 0.012760239703573949
63 val: 0.1159836322069168 0.01249897595678684
64 val: 0.11599651575088502 0.012902267331713223
65 val: 0.11609317809343338 0.013030649019605751
66 val: 0.11598328351974488 0.012784507925314537
67 val: 0.11640802770853043 0.013321922867769828
68 val: 0.11578005999326706 0.012768892366274737
69 val: 0.11589516252279282 0.012201570769167723
70 val: 0.11564733684062958 0.01266984196044684
