1 val: 0.1388508141040802 0.00772107984795404
2 val: 0.13519486784934998 0.009504052048787301
3 val: 0.132371886074543 0.010816324647439009
4 val: 0.13045449703931808 0.011247580393180507
5 val: 0.12866699546575547 0.011374985184135478
6 val: 0.12707140892744065 0.01243531659339234
7 val: 0.1271493747830391 0.011961201781398924
8 val: 0.12509235441684724 0.012777009240503463
9 val: 0.1244915246963501 0.012401344011474106
10 val: 0.12347904145717621 0.012138585863958532
11 val: 0.12381449937820435 0.012077820531923638
12 val: 0.12365573644638062 0.012580623180350628
13 val: 0.12273081690073014 0.011708905559789056
14 val: 0.1227042943239212 0.012190115149232334
15 val: 0.12278238534927369 0.01197732803149694
16 val: 0.12232238948345184 0.012171005264136623
17 val: 0.12321935147047043 0.011816270622129895
18 val: 0.12170870304107666 0.011661951450521745
19 val: 0.12221217453479767 0.012170259941960802
20 val: 0.12155333310365676 0.011686187199035492
21 val: 0.1208791732788086 0.012842242437411737
22 val: 0.12088751643896103 0.011684804450902034
23 val: 0.12100330144166946 0.012061277779394487
24 val: 0.12095601558685302 0.011843627090507866
25 val: 0.12087803483009338 0.011355674149573745
26 val: 0.12108511328697205 0.012254776385469969
27 val: 0.11991588026285172 0.012146231219756245
28 val: 0.12063907682895661 0.011963389618750061
29 val: 0.12075704336166382 0.013502367183321175
30 val: 0.12081195563077926 0.012022173471185879
31 val: 0.1202161192893982 0.011589355596629271
32 val: 0.12041954547166825 0.01167352573263832
33 val: 0.12011234164237976 0.012227446901801898
34 val: 0.12011644393205642 0.011935910252432203
35 val: 0.12060171514749526 0.01253649733060327
36 val: 0.12025941312313079 0.012013446514472233
37 val: 0.12006243914365769 0.012135567855066465
38 val: 0.12008779346942902 0.011445382576261678
39 val: 0.12012381851673126 0.012566963057629367
40 val: 0.12050939649343491 0.012263545244255838
41 val: 0.1201735720038414 0.012515883310083808
42 val: 0.11974503546953201 0.011838186618913608
43 val: 0.12035632729530335 0.01201435262861376
44 val: 0.12018273919820785 0.012315968820945199
45 val: 0.11960709989070892 0.011835146613948253
46 val: 0.12105217725038528 0.012176555631955532
47 val: 0.11993911266326904 0.011618486598421303
48 val: 0.11964218467473983 0.01228594243555299
49 val: 0.12022140622138977 0.01226159190375188
50 val: 0.11961021423339843 0.011377612374610834
51 val: 0.11922185868024826 0.01202145753605535
52 val: 0.11987724453210831 0.011925478034338768
53 val: 0.11959044784307479 0.011942053811630628
54 val: 0.11938426047563552 0.01176590977306036
55 val: 0.12081824988126755 0.01211750949287484
56 val: 0.11993699669837951 0.012158992684469917
57 val: 0.11975078284740448 0.012568586773099315
58 val: 0.12011274397373199 0.011945088107696745
59 val: 0.12005457282066345 0.011919378222620567
60 val: 0.1197800174355507 0.012413732942721838
61 val: 0.12027069181203842 0.012343797658679425
62 val: 0.11987104415893554 0.012224869817843764
63 val: 0.12039012163877487 0.01179487720584975
64 val: 0.12038030624389648 0.012231832301489477
65 val: 0.1196486696600914 0.012298289295712804
66 val: 0.11956049352884293 0.011576759213968802
67 val: 0.1199200615286827 0.011753833756498595
68 val: 0.12002075910568237 0.011731049487017664
69 val: 0.1195595234632492 0.01156710721190182
70 val: 0.12029233872890473 0.01183090210719421
