1 val: 0.09129614681005478 0.008757056569107118
2 val: 0.09058415442705155 0.00888691998410986
3 val: 0.08959938585758209 0.00911061453981438
4 val: 0.08867583125829696 0.00948663415513419
5 val: 0.08820213377475739 0.010071305424915737
6 val: 0.08718187063932419 0.009538459383140574
7 val: 0.08616452068090438 0.01007664074386879
8 val: 0.085223089158535 0.009832457324279925
9 val: 0.08347196280956268 0.009364730533497059
10 val: 0.08246855437755585 0.00965284748499375
11 val: 0.08186807036399842 0.00956079193613152
12 val: 0.08113272339105607 0.009294960089722802
13 val: 0.0800680473446846 0.009220458320487759
14 val: 0.0793437734246254 0.009049889123174136
15 val: 0.07910031229257583 0.009113823341897576
16 val: 0.07837675660848617 0.009231600096848112
17 val: 0.07820889353752136 0.009450165079312864
18 val: 0.07766535878181458 0.009438833025603856
19 val: 0.07751166224479675 0.00922670557933574
20 val: 0.07703937292098999 0.009664893145237326
21 val: 0.07667839825153351 0.010123975539193595
22 val: 0.07619094252586364 0.009561921897045376
23 val: 0.07619768381118774 0.010016555913923272
24 val: 0.07601102590560913 0.009960073842250769
25 val: 0.0757321372628212 0.009792838505533223
26 val: 0.07576765567064285 0.009347204404658986
27 val: 0.07566312849521636 0.0095490900338416
28 val: 0.07513066232204438 0.009532227431301507
29 val: 0.07516493797302246 0.009947369133895285
30 val: 0.07539217472076416 0.00963103708830895
31 val: 0.07493218332529068 0.009934687532228637
32 val: 0.07475602775812148 0.009860933665129837
33 val: 0.07491939663887023 0.009490648796440638
34 val: 0.07498584687709808 0.00990306208920212
35 val: 0.07444164603948593 0.009636945636390773
36 val: 0.0743083968758583 0.009798786335917763
37 val: 0.07449714094400406 0.009492021963793737
38 val: 0.07414192259311676 0.009770106378941558
39 val: 0.07423822432756425 0.009776756639459124
40 val: 0.07437781840562821 0.009708445932604337
41 val: 0.07430911362171173 0.009831891453796317
42 val: 0.07402248233556748 0.009714088313602414
43 val: 0.0739902287721634 0.00946316762814312
44 val: 0.0740712434053421 0.00960590510405906
45 val: 0.07390453666448593 0.00978258089979877
46 val: 0.07398433834314347 0.009830491301031903
47 val: 0.07382282018661498 0.009529448972196826
48 val: 0.0737869143486023 0.009832655422570669
49 val: 0.07363909482955933 0.009965053853564077
50 val: 0.07353587448596954 0.009701937867858152
51 val: 0.07368016541004181 0.00992822253054923
52 val: 0.0735692709684372 0.009764397306402172
53 val: 0.07350484728813171 0.009796121826557092
54 val: 0.07336668968200684 0.009576834621182655
55 val: 0.07358720898628235 0.0096607312793502
56 val: 0.07330913692712784 0.009960626601170816
57 val: 0.07349226027727127 0.009727296068353233
58 val: 0.07337411344051362 0.009820716616350537
59 val: 0.07325458973646164 0.009910036065930515
60 val: 0.07317253053188325 0.009914255494517963
61 val: 0.07319682091474533 0.009847892355244234
62 val: 0.07338796705007553 0.009866459735604854
63 val: 0.07327466905117035 0.009858570526027347
64 val: 0.07310249805450439 0.009870376143409163
65 val: 0.07341424226760865 0.010161649269790117
66 val: 0.07330605238676072 0.009778181094384547
67 val: 0.07324910163879395 0.009710174400979495
68 val: 0.07322330921888351 0.010044852989507778
69 val: 0.07301812171936035 0.009800712014555834
70 val: 0.07299988865852355 0.0098326362815079
