1 val: 0.11531959027051926 0.009952964559091724
2 val: 0.11444344520568847 0.011767663634626271
3 val: 0.11050969809293747 0.014465003903660796
4 val: 0.10801881700754165 0.015474998766264944
5 val: 0.10574345290660858 0.014677949666033155
6 val: 0.10501468926668167 0.014580455844277068
7 val: 0.10391843020915985 0.015278036103125637
8 val: 0.10260532945394515 0.014919385400949236
9 val: 0.10121205449104309 0.014075791950976118
10 val: 0.10102833360433579 0.01420725169576096
11 val: 0.09980385899543762 0.012800665315766211
12 val: 0.10032034069299697 0.01357085528266551
13 val: 0.09955371469259262 0.013193694528758633
14 val: 0.09907881021499634 0.01327521622542412
15 val: 0.09850634038448333 0.012587178733736397
16 val: 0.09846376329660415 0.013416979898804455
17 val: 0.0987354964017868 0.012951136297583068
18 val: 0.09782021194696426 0.013070931254631707
19 val: 0.09748048335313797 0.012644764480277466
20 val: 0.097498320043087 0.013064740802556015
21 val: 0.09703247547149658 0.012763346024665116
22 val: 0.09686036556959152 0.01268815064013129
23 val: 0.09655352532863617 0.012660797390338001
24 val: 0.09692849218845367 0.013104991293261727
25 val: 0.09602008312940598 0.012939756286453134
26 val: 0.09632732719182968 0.012881377319075167
27 val: 0.0956217348575592 0.012402385239302295
28 val: 0.09593482613563538 0.012850774844620591
29 val: 0.09572365432977677 0.013076642240019913
30 val: 0.09582349061965942 0.012529338169264588
31 val: 0.09521826058626175 0.012731856598854249
32 val: 0.09489163160324096 0.012439634111537793
33 val: 0.09556521475315094 0.012556497332826622
34 val: 0.09512216150760651 0.01243563465765708
35 val: 0.09498923420906066 0.013211662470351415
36 val: 0.0947188213467598 0.012326582732442394
37 val: 0.09438981860876083 0.012446586176190778
38 val: 0.09444541931152343 0.013107090775280253
39 val: 0.09392331093549729 0.012500696987890709
40 val: 0.09412261843681335 0.012068111952545783
41 val: 0.09463385492563248 0.012881670944480504
42 val: 0.09397881329059601 0.012653261964467739
43 val: 0.09388428032398224 0.012238759596478823
44 val: 0.09387913644313813 0.012518774575358257
45 val: 0.0933072879910469 0.012476532909359598
46 val: 0.09408287107944488 0.012940919830978125
47 val: 0.0936140924692154 0.012911526282489833
48 val: 0.09361033737659455 0.011964814963035598
49 val: 0.09383856952190399 0.012518154687889978
50 val: 0.09364785850048066 0.012183725100764166
51 val: 0.09352673590183258 0.012211412217450032
52 val: 0.09325810223817825 0.012255008549376285
53 val: 0.09314315170049667 0.012377794276869237
54 val: 0.09271188229322433 0.011626474551578779
55 val: 0.09301264733076095 0.012523368883705874
56 val: 0.092747163772583 0.012120970631448399
57 val: 0.09282293319702148 0.012422696153945003
58 val: 0.09275117963552475 0.012801574381108159
59 val: 0.09282946884632111 0.0122235528692449
60 val: 0.09258296638727188 0.011722966739626405
61 val: 0.09203094989061356 0.011888820871032211
62 val: 0.09282211363315582 0.012804475809063926
63 val: 0.09260030835866928 0.012089921755180585
64 val: 0.09213809967041016 0.012077916228946196
65 val: 0.09238756448030472 0.012696066568100517
66 val: 0.09242170304059982 0.011849543025889323
67 val: 0.09200537353754043 0.012063751921620574
68 val: 0.0925346165895462 0.012682604471407668
69 val: 0.09222008883953095 0.012476489567436107
70 val: 0.09209748059511184 0.012954577656801934
