1 val: 0.09527429640293121 0.008276068329616153
2 val: 0.09397241622209548 0.00812208091138841
3 val: 0.09355919808149338 0.008321494920824976
4 val: 0.09310698509216309 0.008029693649775939
5 val: 0.09275009334087372 0.009406111724524407
6 val: 0.0916210100054741 0.009184244073387395
7 val: 0.09112580865621567 0.00976446117141322
8 val: 0.09043868780136108 0.009277332408147466
9 val: 0.08956055492162704 0.00995974198493325
10 val: 0.08966792076826095 0.010933745404742125
11 val: 0.0891233429312706 0.010503978735302745
12 val: 0.08781235963106156 0.010908312607436878
13 val: 0.08651964962482453 0.010270872779895484
14 val: 0.08619619607925415 0.010061586471784737
15 val: 0.08582001179456711 0.010069850045805386
16 val: 0.08504837155342101 0.01069356398301591
17 val: 0.08452528268098831 0.010513199294339274
18 val: 0.08411294966936111 0.010425099117949258
19 val: 0.08406137675046921 0.010468957641714694
20 val: 0.08343382626771927 0.010466993380236125
21 val: 0.08302385061979294 0.010901947928819853
22 val: 0.0825357660651207 0.010274203831422394
23 val: 0.0822314202785492 0.01057914304657349
24 val: 0.08213292062282562 0.010451276348514274
25 val: 0.08171628415584564 0.010157242572479653
26 val: 0.081747105717659 0.009720238840297081
27 val: 0.08116060942411422 0.010193198993765692
28 val: 0.08081545531749726 0.010235819147123666
29 val: 0.08118038326501846 0.009802744295299488
30 val: 0.08091341704130173 0.010174305488818137
31 val: 0.08073799014091491 0.009793986057808197
32 val: 0.0805096223950386 0.009987185880766547
33 val: 0.07985821962356568 0.009768959881017177
34 val: 0.08013331443071366 0.009892037027814065
35 val: 0.08015421777963638 0.009998053447082579
36 val: 0.07991203069686889 0.009732682693842412
37 val: 0.07985124289989472 0.009892128941782333
38 val: 0.07967016398906708 0.009829835515438711
39 val: 0.07978695034980773 0.00963473296470088
40 val: 0.07976789027452469 0.00964775165531027
41 val: 0.07965767234563828 0.01007003679386086
42 val: 0.07941956967115402 0.009984407945405473
43 val: 0.0794096127152443 0.009628881297299078
44 val: 0.07913995832204819 0.009625371611502379
45 val: 0.0791886568069458 0.009858242063982336
46 val: 0.07900854647159576 0.009864946347677542
47 val: 0.07910622805356979 0.009873632477723033
48 val: 0.0791650116443634 0.009674711932781304
49 val: 0.07895299345254898 0.009756040806803508
50 val: 0.07879500836133957 0.009748807859472176
51 val: 0.07883566319942474 0.010167073565979564
52 val: 0.07883170247077942 0.009830149493173653
53 val: 0.0788919374346733 0.009706040949621669
54 val: 0.07886615842580795 0.009910469102873597
55 val: 0.07882572263479233 0.009765791460950296
56 val: 0.07870776504278183 0.009722236195106324
57 val: 0.07845994085073471 0.009781808830032655
58 val: 0.07833704501390457 0.010103550798823845
59 val: 0.07845361381769181 0.009718334868171806
60 val: 0.07856743484735489 0.00990338069040829
61 val: 0.07839866876602172 0.009887790976628851
62 val: 0.07841793149709701 0.009622602406709825
63 val: 0.07846638560295105 0.009969824142764237
64 val: 0.07834815084934235 0.00975649362413028
65 val: 0.0784810170531273 0.009649193233023457
66 val: 0.0785543143749237 0.00958862290023869
67 val: 0.07832522839307784 0.00950032909690004
68 val: 0.0781882256269455 0.009742574751683199
69 val: 0.07819977104663849 0.009684356047012944
70 val: 0.07836922109127045 0.009922334099560401
