1 val: 0.13222097903490065 0.011057211295459552
2 val: 0.12596223801374434 0.01131164665107425
3 val: 0.1237401694059372 0.011931634370981277
4 val: 0.12134717702865601 0.012155940531351571
5 val: 0.12101320326328277 0.012659713212145773
6 val: 0.11987095177173615 0.011887884866513999
7 val: 0.11985002905130386 0.012469369049392559
8 val: 0.11939642131328583 0.012366048064541392
9 val: 0.11946384608745575 0.012493354550871636
10 val: 0.11907221972942353 0.011718434653440553
11 val: 0.11914781630039215 0.011686408964907408
12 val: 0.119265316426754 0.012139008762573275
13 val: 0.1185894027352333 0.012092886293116223
14 val: 0.11800065487623215 0.011696562613058585
15 val: 0.11842163354158401 0.012245274961028394
16 val: 0.11806343495845795 0.011650773429628013
17 val: 0.11761990338563919 0.01155112454919673
18 val: 0.11771430671215058 0.011916698328821033
19 val: 0.11726919114589691 0.011666795141943558
20 val: 0.11765694171190262 0.01187841472960067
21 val: 0.11737216114997864 0.012028823902747503
22 val: 0.11714469939470291 0.011395475499398497
23 val: 0.11786879897117615 0.011807109290361278
24 val: 0.11770604103803635 0.012193712394403432
25 val: 0.11748776584863663 0.011542983624615444
26 val: 0.11768633723258973 0.011670614408508154
27 val: 0.1174925610423088 0.011837796124507187
28 val: 0.11776511073112488 0.011442008187385791
29 val: 0.11770123243331909 0.011736581910725814
30 val: 0.11771962940692901 0.011957749741224953
31 val: 0.11747108846902847 0.011523248194817561
32 val: 0.1177545115351677 0.012020272201876224
33 val: 0.11737970113754273 0.011304226513889818
34 val: 0.11773553490638733 0.01177135270124311
35 val: 0.11758525818586349 0.011641078593320506
36 val: 0.11750933825969696 0.011442926019186549
37 val: 0.11743963360786439 0.011543379847507309
38 val: 0.11757814586162567 0.011782395096966665
39 val: 0.11740476042032241 0.011478424303741425
40 val: 0.1175673708319664 0.011702673366511339
41 val: 0.11720565259456635 0.011940921374601707
42 val: 0.1172383889555931 0.011516328122853138
43 val: 0.11776801347732543 0.01190196344564862
44 val: 0.1172426164150238 0.011444331226699663
45 val: 0.11706284284591675 0.011732735369703335
46 val: 0.11742263734340667 0.011780430904294073
47 val: 0.11720869541168213 0.011466694056867042
48 val: 0.11716020852327347 0.01187631426467419
49 val: 0.11710305362939835 0.011633919112833001
50 val: 0.11741553544998169 0.011641224405071374
