1 val: 0.09452729821205139 0.009260590738699613
2 val: 0.09373288154602051 0.009506186434202825
3 val: 0.09345432221889496 0.00937643378408819
4 val: 0.09224839508533478 0.010294400343625887
5 val: 0.09267841279506683 0.010448296344455458
6 val: 0.09278870820999145 0.010807409583934075
7 val: 0.09309102743864059 0.010729794275611318
8 val: 0.09233752638101578 0.010981335974306686
9 val: 0.09067984074354171 0.010745834679580102
10 val: 0.09003961831331253 0.010893658960857472
11 val: 0.08778341710567475 0.009750841141149753
12 val: 0.08699868619441986 0.009913787708315941
13 val: 0.08630789518356323 0.010055902312898754
14 val: 0.08536911308765412 0.010272692435918754
15 val: 0.08509227931499481 0.010274136806847195
16 val: 0.08418652862310409 0.010224084364553779
17 val: 0.08383326232433319 0.010174967223774666
18 val: 0.08321426808834076 0.01012305747631183
19 val: 0.08248215615749359 0.010416137556960211
20 val: 0.08245855420827866 0.00989634665917432
21 val: 0.08198787569999695 0.010468073015918155
22 val: 0.08146425783634186 0.010291595362236011
23 val: 0.08149888962507248 0.01022714338776459
24 val: 0.08144267648458481 0.010197442494046676
25 val: 0.08099156469106675 0.010135952470195605
26 val: 0.08096866458654403 0.009957202468699015
27 val: 0.08092060089111328 0.010385087308989282
28 val: 0.0807032585144043 0.009969873565431065
29 val: 0.08061937689781189 0.009893459268989229
30 val: 0.08012662827968597 0.00995834846190305
31 val: 0.08017824143171311 0.010099636185014253
32 val: 0.07994485199451447 0.009963549718422001
33 val: 0.07969962656497956 0.009717140171189687
34 val: 0.07970104813575744 0.009756526980530764
35 val: 0.07958661168813705 0.010127263533674047
36 val: 0.07971593290567398 0.009768260404052613
37 val: 0.07929003983736038 0.00957824906446125
38 val: 0.07931499630212784 0.009938037510218323
39 val: 0.07919628620147705 0.00959192842945222
40 val: 0.07912842482328415 0.009872132859699435
41 val: 0.07926181703805923 0.009954832131919143
42 val: 0.07875913679599762 0.009721454004580172
43 val: 0.07859455049037933 0.009707501629884159
44 val: 0.07886698842048645 0.009866681144801881
45 val: 0.07846522033214569 0.00964639547318177
46 val: 0.0784564346075058 0.00970855156929694
47 val: 0.07869325429201127 0.009710100924013285
48 val: 0.07832525670528412 0.009714848381922098
49 val: 0.07833191752433777 0.009641243290027824
50 val: 0.07833460569381714 0.009871477760838143
