1 val: 0.09205514639616012 0.008404190041537606
2 val: 0.09158790111541748 0.008561412925970732
3 val: 0.09034105539321899 0.008961751937721054
4 val: 0.08954384922981262 0.009879183922628867
5 val: 0.08920014351606369 0.010285106952941226
6 val: 0.08819470703601837 0.011386834328614063
7 val: 0.08654623627662658 0.011515542511702549
8 val: 0.08425723314285279 0.011281391532032288
9 val: 0.08268798142671585 0.010867292871661879
10 val: 0.08134192824363709 0.010833807536660387
11 val: 0.08021832257509232 0.010580588342972017
12 val: 0.07928911745548248 0.010566343331527337
13 val: 0.07871185839176179 0.01038923564421735
14 val: 0.0778556302189827 0.010197797282774323
15 val: 0.07756714373826981 0.009942997654512765
16 val: 0.07690643668174743 0.010386279114145342
17 val: 0.07620058804750443 0.01017794493067112
18 val: 0.07600089609622955 0.010380405855602176
19 val: 0.07588575780391693 0.010350028823163797
20 val: 0.07566332072019577 0.010349527592246341
21 val: 0.07519235610961914 0.010451260012821758
22 val: 0.07450746446847915 0.00980458937019806
23 val: 0.0742104172706604 0.009326744791164574
24 val: 0.07434097230434418 0.01012637039529641
25 val: 0.07433594167232513 0.00963381348628725
26 val: 0.07399711161851882 0.009250600055269046
27 val: 0.07380845546722412 0.009488095401535212
28 val: 0.07377681136131287 0.009483348412113889
29 val: 0.07374458014965057 0.009400335425532995
30 val: 0.0734169214963913 0.00944220727690272
31 val: 0.07321834713220596 0.009487335525853107
32 val: 0.07344236373901367 0.009429874165101996
33 val: 0.07324117869138717 0.009454762669599655
34 val: 0.07315265089273452 0.009808937415451779
35 val: 0.07283277958631515 0.009490693799189272
36 val: 0.07272021472454071 0.009337685780844455
37 val: 0.0728124126791954 0.00924228685685706
38 val: 0.07258443087339402 0.009398226515915117
39 val: 0.07249762117862701 0.009331987948836216
40 val: 0.07267235517501831 0.00940167498171783
41 val: 0.072446571290493 0.009429771952370363
42 val: 0.07210693806409836 0.00918850669003268
43 val: 0.0722315102815628 0.009149814996788193
44 val: 0.07211936116218567 0.009158754712364062
45 val: 0.07210122197866439 0.009403122772615857
46 val: 0.07202364206314087 0.00932842241218024
47 val: 0.07181009799242019 0.009294959871070931
48 val: 0.07199336886405945 0.009366303057367874
49 val: 0.07184539437294006 0.009408346640584707
50 val: 0.07172000110149383 0.009035608468715877
51 val: 0.07186277210712433 0.009115036006305479
52 val: 0.07162998765707015 0.009000079985917295
53 val: 0.07175799310207367 0.009144221866931092
54 val: 0.07177675068378449 0.009279788538532638
55 val: 0.07161338180303574 0.009139486657481176
56 val: 0.07158572673797607 0.009279064988704207
57 val: 0.0718186542391777 0.00932770896377221
58 val: 0.07158198654651642 0.009441334508464929
59 val: 0.07156864404678345 0.009254095473764464
60 val: 0.07159641981124878 0.009331167139606565
61 val: 0.07159053832292557 0.009172865138504151
62 val: 0.07171861082315445 0.009394275245522334
63 val: 0.0714008092880249 0.00922752515264759
64 val: 0.07139805108308792 0.009394222892693524
65 val: 0.07132396399974823 0.009235414184388278
66 val: 0.07135219573974609 0.009087571024935475
67 val: 0.07155592441558838 0.008938842098990386
68 val: 0.07148807495832443 0.009017396865476052
69 val: 0.07145449370145798 0.00936937385253168
70 val: 0.0715408369898796 0.009260555882865805
