1 val: 0.13406310826539994 0.011815933850530567
2 val: 0.12728947401046753 0.011944938488628818
3 val: 0.12526204586029052 0.01164291264192639
4 val: 0.1225188508629799 0.011991572966528986
5 val: 0.12182769030332566 0.012338124701949756
6 val: 0.12067794203758239 0.012565710298959018
7 val: 0.12023197412490845 0.012109574857324466
8 val: 0.12029661685228348 0.012183781170882027
9 val: 0.11987926810979843 0.01217343571681381
10 val: 0.11997864246368409 0.012091345992647523
11 val: 0.11944504082202911 0.012075212715211904
12 val: 0.1196019247174263 0.012002649288267294
13 val: 0.11890065968036652 0.012420351047488292
14 val: 0.11925701051950455 0.012227970175342618
15 val: 0.11865877956151963 0.011795728884317918
16 val: 0.11902935653924943 0.011926286794672157
17 val: 0.11925305426120758 0.012083942781616997
18 val: 0.11872768551111221 0.012101477539259007
19 val: 0.11908594071865082 0.012699600363096983
20 val: 0.1189444124698639 0.012437411208546757
21 val: 0.11887449771165848 0.013247927657047283
22 val: 0.1189888060092926 0.011916539851784997
23 val: 0.11834052503108979 0.012218736545713555
24 val: 0.11908272802829742 0.012063486606746344
25 val: 0.1190292239189148 0.011936959701475828
26 val: 0.1192831888794899 0.011781838665904735
27 val: 0.1189280703663826 0.01251339203961584
28 val: 0.1192064955830574 0.0123806015802164
29 val: 0.11907849907875061 0.01198334351071669
30 val: 0.11867918372154236 0.01207901942570439
31 val: 0.11900595724582672 0.011954512528555733
32 val: 0.11859389394521713 0.01210554116429305
33 val: 0.11880430281162262 0.011559312906746076
34 val: 0.11890941560268402 0.012206889974381178
35 val: 0.118473981320858 0.012127978005972843
36 val: 0.11868805140256881 0.012445065459939586
37 val: 0.1184167817234993 0.011859920736911472
38 val: 0.11878343373537063 0.011997438351852158
39 val: 0.11903912872076035 0.011865978150210555
40 val: 0.11906716823577881 0.012038945623101772
41 val: 0.11840591132640839 0.01248130049011153
42 val: 0.11813118606805802 0.012455700297468363
43 val: 0.11816104799509049 0.011999366767469743
44 val: 0.11814336031675339 0.011662042451261666
45 val: 0.11831633746623993 0.011820379601035531
46 val: 0.11832420974969864 0.012205757595379311
47 val: 0.11819772571325302 0.012196440181059563
48 val: 0.11776202470064163 0.011930016385779273
49 val: 0.11870679408311843 0.01252198568275856
50 val: 0.1183873549103737 0.012107094351262353
