1 val: 0.08750797361135483 0.008530867961913893
2 val: 0.08645970076322555 0.009511862909486848
3 val: 0.08544951826333999 0.009458974426312694
4 val: 0.08301973342895508 0.00957961866487556
5 val: 0.08133900910615921 0.008938751566503452
6 val: 0.08013308048248291 0.009104576230166724
7 val: 0.0790807455778122 0.00956410714225388
8 val: 0.0782041683793068 0.008922779360168625
9 val: 0.07778973430395127 0.008715079796613515
10 val: 0.07733599692583085 0.008954947985871901
11 val: 0.07685987651348114 0.0090619284954622
12 val: 0.07639626860618591 0.009334345858654312
13 val: 0.07608428150415421 0.009218783343319728
14 val: 0.0760019674897194 0.008635317290421444
15 val: 0.07583687603473663 0.009126890744044453
16 val: 0.07550798803567886 0.009036339626354549
17 val: 0.07520936131477356 0.008833289736507086
18 val: 0.07480473518371582 0.00898227442542215
19 val: 0.07509644031524658 0.008745332000658702
20 val: 0.0748253658413887 0.008875797215696526
21 val: 0.07454237192869187 0.008980235710649211
22 val: 0.07445818334817886 0.0090288672108582
23 val: 0.07443084716796874 0.00916068342895611
24 val: 0.07433659434318543 0.00898724516127723
25 val: 0.07432040721178054 0.008940029699167176
26 val: 0.07417468130588531 0.009094679769085217
27 val: 0.07416933178901672 0.009138045742088284
28 val: 0.07390754520893097 0.009269800959496267
29 val: 0.07416369467973709 0.0091936754280258
30 val: 0.07382862418889999 0.009368998353587428
31 val: 0.07388729602098465 0.009161649775695852
32 val: 0.07374895811080932 0.00923776035265274
33 val: 0.07391274869441986 0.009452465982620518
34 val: 0.07385050356388093 0.009374425905907742
35 val: 0.07376033067703247 0.00944147240687461
36 val: 0.07370054721832275 0.009394944630604196
37 val: 0.07365089356899261 0.009315071507624416
38 val: 0.0739086851477623 0.009187467474367023
39 val: 0.07369229942560196 0.009397387441413194
40 val: 0.07356251031160355 0.009297127260824519
41 val: 0.07375534027814865 0.009595797372324459
42 val: 0.07351531386375428 0.009200743087451694
43 val: 0.07381494343280792 0.00942220040194237
44 val: 0.0733899787068367 0.009447680216011469
45 val: 0.07339677065610886 0.009354053662857333
46 val: 0.07363370656967164 0.00954827350852212
47 val: 0.07354356646537781 0.009402346133020704
48 val: 0.0731710135936737 0.00937408104054582
49 val: 0.07367377430200577 0.009367659706359463
50 val: 0.07345055490732193 0.009364869291145703
51 val: 0.07339615374803543 0.00933170862889304
52 val: 0.07346264719963073 0.009614569725255193
53 val: 0.07352618873119354 0.009210765710267202
54 val: 0.07334592491388321 0.009301747053937305
55 val: 0.0733857810497284 0.00924076070599313
56 val: 0.07344272434711456 0.009229840242835786
57 val: 0.07336032390594482 0.009438151383024273
58 val: 0.07338565587997437 0.009511718423253815
59 val: 0.07333372086286545 0.009156151600937294
60 val: 0.07335497885942459 0.009353514796610092
61 val: 0.07343308329582214 0.00939497022955109
62 val: 0.0733393520116806 0.009434205367743987
63 val: 0.07340568006038665 0.009199527048452592
64 val: 0.073450767993927 0.00947864644683283
65 val: 0.0734027311205864 0.009422015604023138
66 val: 0.07363032698631286 0.009136093419355187
67 val: 0.07325129956007004 0.009216699121558293
68 val: 0.07340521812438965 0.009326871450527791
69 val: 0.07343080937862397 0.009357642503116556
70 val: 0.07317260950803757 0.009261219392314852
