1 val: 0.13472995311021804 0.013261178769151708
2 val: 0.1324548676609993 0.013703194861420529
3 val: 0.13151609599590303 0.014308716676108304
4 val: 0.13016771227121354 0.014473279949740814
5 val: 0.12804167419672013 0.012367962054315248
6 val: 0.1266829937696457 0.013608135627914915
7 val: 0.1261508584022522 0.012927456896816123
8 val: 0.12537609189748763 0.013529893703621194
9 val: 0.12487183511257172 0.012315387409661786
10 val: 0.12396735101938247 0.012591596888980334
11 val: 0.12346445024013519 0.012339540239601123
12 val: 0.12375942468643189 0.011808552638902724
13 val: 0.12228364795446396 0.011755084367928758
14 val: 0.12314135283231735 0.012877714361083809
15 val: 0.12199154198169708 0.012004459742166105
16 val: 0.12185827642679214 0.012535727047348216
17 val: 0.12234173566102982 0.012259957583876087
18 val: 0.12127460837364197 0.012657816008670905
19 val: 0.12085635513067246 0.012822607635223629
20 val: 0.12067991197109222 0.012238793976101116
21 val: 0.12073448747396469 0.01261904233807427
22 val: 0.12041302919387817 0.012844598486492878
23 val: 0.12048263549804687 0.01330028042726013
24 val: 0.12008263170719147 0.01248834920895629
25 val: 0.12029566317796707 0.013068621133323454
26 val: 0.11965512931346893 0.013085543496985208
27 val: 0.1196317657828331 0.013326392465316214
28 val: 0.12003839612007142 0.01277644826429501
29 val: 0.1202106699347496 0.013291546669398623
30 val: 0.11990610510110855 0.013020570743439826
31 val: 0.11980069726705551 0.013021009776307761
32 val: 0.11946857124567031 0.012784079324811527
33 val: 0.12012847661972045 0.012349810311930538
34 val: 0.11940879821777343 0.012863472070387131
35 val: 0.11933576464653015 0.01280715643406489
36 val: 0.11886284053325653 0.01270535767403991
37 val: 0.11970201432704926 0.01225195265577335
38 val: 0.11934751868247986 0.012957369112188206
39 val: 0.11986792087554932 0.013160871204383291
40 val: 0.11914284080266953 0.013178111632167096
41 val: 0.11976673752069474 0.013156728816717886
42 val: 0.11882337480783463 0.013039046179334995
43 val: 0.119569693505764 0.012083570943464246
44 val: 0.11947609186172485 0.012752847405517184
45 val: 0.11895746588706971 0.012971173256378995
46 val: 0.1192796841263771 0.013076687638175422
47 val: 0.11906359642744065 0.012435366131664977
48 val: 0.11916830986738206 0.013463872661476558
49 val: 0.11925759315490722 0.012738723172791693
50 val: 0.11852162480354309 0.012276558563070002
51 val: 0.11922717541456222 0.013121883992712862
52 val: 0.11956415772438049 0.013367836023661586
53 val: 0.11893310248851777 0.013794486529840314
54 val: 0.1191608339548111 0.012917526755783861
55 val: 0.11941135674715042 0.013260550371578972
56 val: 0.11980943381786346 0.013256995057194248
57 val: 0.11902348697185516 0.013685457607173577
58 val: 0.11889963001012802 0.0131374118763477
59 val: 0.11933259814977645 0.012669671601774627
60 val: 0.11892270594835282 0.012810492472806119
61 val: 0.11874342858791351 0.013052009515734396
62 val: 0.11925137341022492 0.013235930052308345
63 val: 0.11914664208889007 0.013198625365341547
64 val: 0.1188393086194992 0.013617711644780251
65 val: 0.118697389960289 0.013191393174237932
66 val: 0.11860155761241913 0.012605005761218962
67 val: 0.11857406049966812 0.013442840358900414
68 val: 0.11909974813461303 0.013726533539252544
69 val: 0.11842125207185746 0.01306349049685757
70 val: 0.1188365325331688 0.013163100133503244
