1 val: 0.0933406963944435 0.009202096837621212
2 val: 0.09272533506155015 0.009417038598716194
3 val: 0.0923044353723526 0.009584659154505449
4 val: 0.09189903736114502 0.010918332947707476
5 val: 0.09112421721220017 0.011512133267599152
6 val: 0.08860870152711868 0.010956891191047832
7 val: 0.08672088384628296 0.010965665101733763
8 val: 0.0844161257147789 0.010353869020447647
9 val: 0.08348275274038315 0.010374267859227175
10 val: 0.08159755170345306 0.01068147371249977
11 val: 0.08035436272621155 0.010107354670845418
12 val: 0.07900268435478211 0.009793666482318443
13 val: 0.07822210341691971 0.010038094467124363
14 val: 0.07719451189041138 0.009862787307256005
15 val: 0.07648536264896393 0.009950818080544875
16 val: 0.0758859395980835 0.010051486370526889
17 val: 0.07518575936555863 0.009741103100227534
18 val: 0.07506783604621887 0.009992872842309389
19 val: 0.07439105361700057 0.009676435924220676
20 val: 0.07375018000602722 0.009915866356474875
21 val: 0.07334947437047959 0.009812294165660278
22 val: 0.07345651984214782 0.009938511752252544
23 val: 0.07300017178058624 0.00957365929048504
24 val: 0.07274542897939681 0.009986024496208406
25 val: 0.07253837138414383 0.009733551438958842
26 val: 0.07233238369226455 0.009598743675973168
27 val: 0.07226934134960175 0.009544559383640749
28 val: 0.071898053586483 0.009432874071636833
29 val: 0.07191991358995438 0.009225567577147846
30 val: 0.07168833315372466 0.009408032706643902
31 val: 0.07156857997179031 0.009513476189422585
32 val: 0.07146267592906952 0.009429459217151798
33 val: 0.07101466059684754 0.00953550245936165
34 val: 0.07105781883001328 0.009403207732007658
35 val: 0.0710491806268692 0.009503849639622034
36 val: 0.07069220244884492 0.009243982975533799
37 val: 0.07078264653682709 0.009567026943382528
38 val: 0.07068502753973008 0.009555057270874957
39 val: 0.0707060307264328 0.009363799102286512
40 val: 0.07055823057889939 0.009407982611595634
41 val: 0.07030871510505676 0.009591618469807231
42 val: 0.07024011611938477 0.009289477200446775
43 val: 0.07022926211357117 0.009261014815858214
44 val: 0.07037567496299743 0.009418331747512727
45 val: 0.07033661007881165 0.00957263092395769
46 val: 0.0701760157942772 0.009542999343322953
47 val: 0.07009116262197494 0.00947345254910971
48 val: 0.07039359658956527 0.00920427595813154
49 val: 0.07007970064878463 0.00953611251317053
50 val: 0.07017509937286377 0.009041420668340782
51 val: 0.07001032382249832 0.009471455958522234
52 val: 0.06995700001716613 0.00935485676782211
53 val: 0.06996804624795913 0.009470236875792086
54 val: 0.07018218785524369 0.009893400114462617
55 val: 0.07006552666425706 0.009392097802700006
56 val: 0.06981005668640136 0.009813223079825972
57 val: 0.07002145498991012 0.009266423292806124
58 val: 0.06982785016298294 0.009511942298311817
59 val: 0.06976478397846222 0.009566863638165437
60 val: 0.06981833577156067 0.009550287887585352
61 val: 0.0697332814335823 0.009639937460308055
62 val: 0.0698606863617897 0.009499713612875615
63 val: 0.06960364282131196 0.009402842234560015
64 val: 0.06966083571314811 0.009601271711276973
65 val: 0.06952682137489319 0.00946706773780204
66 val: 0.0696609452366829 0.009529049916214382
67 val: 0.0695782408118248 0.009413801315777827
68 val: 0.06963064149022102 0.009714473992016798
69 val: 0.06969738155603408 0.009577860180862421
70 val: 0.06959136873483658 0.009264304251956831
