1 val: 0.13492290377616883 0.011902392579679563
2 val: 0.13335149735212326 0.012021283680956065
3 val: 0.13227569311857224 0.011465569492276447
4 val: 0.1311967670917511 0.012141823642233669
5 val: 0.13065759539604188 0.01254217433069759
6 val: 0.13052860498428345 0.011871362799496537
7 val: 0.13075116276741028 0.011184165415739451
8 val: 0.13112098276615142 0.011968764244068196
9 val: 0.1305442065000534 0.011256008358813772
10 val: 0.13069381266832353 0.011645763947863336
11 val: 0.13059442937374116 0.011661427884063758
12 val: 0.13040508478879928 0.011519261478384259
13 val: 0.13046305775642394 0.011561427861800646
14 val: 0.13009284287691117 0.012114032365844433
15 val: 0.1304170921444893 0.011799161127998675
16 val: 0.1293968826532364 0.011636147970876996
17 val: 0.12942384630441667 0.011394155240069854
18 val: 0.12940704673528672 0.011765192688766985
19 val: 0.12956165373325348 0.011638664776091443
20 val: 0.12866816222667693 0.01194122754170792
21 val: 0.1291384741663933 0.012382030503466378
22 val: 0.12906613051891327 0.011538926218548098
23 val: 0.12863308638334275 0.01203905352301324
24 val: 0.12916467487812042 0.012006536752001438
25 val: 0.12915530800819397 0.01165971198697117
26 val: 0.12927513122558593 0.01178966283449345
27 val: 0.12846065908670426 0.011527177247614793
28 val: 0.12873211055994033 0.011081981246298559
29 val: 0.1287434846162796 0.01133859095908827
30 val: 0.1288033202290535 0.011520532968678235
31 val: 0.1288836807012558 0.011585582365818536
32 val: 0.12896356582641602 0.011370498795622267
33 val: 0.12835230082273483 0.010853387147770802
34 val: 0.12885821610689163 0.01133526809064533
35 val: 0.12874426394701005 0.011145134351105104
36 val: 0.1291569858789444 0.011342084062758995
37 val: 0.12854711413383485 0.0110703989391602
38 val: 0.12862672060728073 0.01113001027605187
39 val: 0.12854960411787034 0.01081439488017549
40 val: 0.12942943274974822 0.011010941053163926
41 val: 0.1285669192671776 0.011291561914302839
42 val: 0.12939635217189788 0.010459698428343128
43 val: 0.12870627641677856 0.011260287105538383
44 val: 0.12898722887039185 0.010587796020499158
45 val: 0.12851076275110246 0.010474814349642371
46 val: 0.12907390892505646 0.011291132233790089
47 val: 0.12831895798444748 0.01057281061400453
48 val: 0.12921527326107024 0.010630349805571523
49 val: 0.12881478071212768 0.01084240741818532
50 val: 0.12900179624557495 0.010653450410706623
