1 val: 0.09212774336338043 0.008306062598081351
2 val: 0.09065756052732468 0.008619972990771186
3 val: 0.0900953859090805 0.008744944949801782
4 val: 0.0897918924689293 0.009626094302977228
5 val: 0.08926021903753281 0.009899547548238748
6 val: 0.08938553929328918 0.009786293907759895
7 val: 0.08806867599487304 0.009680112540375483
8 val: 0.08686959445476532 0.00957309134597952
9 val: 0.08580950796604156 0.009779087461627766
10 val: 0.08457045406103134 0.010231726319641414
11 val: 0.08386553376913071 0.010590513007363208
12 val: 0.0834561750292778 0.009767917257931935
13 val: 0.08227643519639968 0.009657684086372378
14 val: 0.08130307495594025 0.009698415913553426
15 val: 0.08100659400224686 0.009104086801115267
16 val: 0.08047623187303543 0.009014176200971549
17 val: 0.08035849332809449 0.009317235722668063
18 val: 0.08019023090600967 0.008968155048510581
19 val: 0.07974004000425339 0.0090070487681546
20 val: 0.07944681942462921 0.009293621121235579
21 val: 0.07914705872535706 0.009216972762392285
22 val: 0.07918800711631775 0.009136092632257791
23 val: 0.07860885709524154 0.009381820179185322
24 val: 0.07855752110481262 0.009293603342719729
25 val: 0.07863057851791382 0.009132588669609655
26 val: 0.0784924641251564 0.009181168671188336
27 val: 0.07855325192213058 0.009131428852361432
28 val: 0.0780018299818039 0.009120122113429312
29 val: 0.07812190949916839 0.009409299903962241
30 val: 0.07808210104703903 0.00917973355568163
31 val: 0.07798965275287628 0.009104000583943056
32 val: 0.07776978313922882 0.009544305598411023
33 val: 0.07780290693044663 0.009369615969241912
34 val: 0.07745073437690735 0.00944637084526575
35 val: 0.07765834331512451 0.00948906593699396
36 val: 0.07746579200029373 0.009241059045164942
37 val: 0.07751034051179886 0.009320279621947779
38 val: 0.0774554580450058 0.00919073301332767
39 val: 0.07713718563318253 0.009318302805772238
40 val: 0.07720435708761215 0.009479992774270111
41 val: 0.0771392747759819 0.009500752096080247
42 val: 0.0769792690873146 0.009375331795270338
43 val: 0.07702183574438096 0.009301913992803031
44 val: 0.0767835721373558 0.009484849269148329
45 val: 0.07669192850589752 0.009362382977210551
46 val: 0.07666387856006622 0.0093234503034525
47 val: 0.07672753930091858 0.009107103045758966
48 val: 0.07670875638723373 0.009184549724985005
49 val: 0.0766527608036995 0.009135388752939672
50 val: 0.07655076682567596 0.009007323874397948
51 val: 0.07634827792644501 0.009243394599517686
52 val: 0.07659622430801391 0.008862868275166124
53 val: 0.07640569359064102 0.009197772294163686
54 val: 0.07617374211549759 0.009043372044446427
55 val: 0.07661268413066864 0.009267829352305954
56 val: 0.07627077549695968 0.009526827683315593
57 val: 0.07634926289319992 0.009199527602921328
58 val: 0.07624568790197372 0.009327706721954852
59 val: 0.07590656578540803 0.00890960440958706
60 val: 0.07640556395053863 0.009238500176594491
61 val: 0.07607888877391815 0.009130762532259834
62 val: 0.07609224170446396 0.00922284022082252
63 val: 0.07596979439258575 0.008988594432840386
64 val: 0.07606609165668488 0.00944959565231352
65 val: 0.0761723518371582 0.009196802117167415
66 val: 0.07618753463029862 0.009198006341071683
67 val: 0.07598478645086289 0.009134126643932384
68 val: 0.07598194181919098 0.009229933708947624
69 val: 0.07609715908765793 0.009186408246597994
70 val: 0.07600497156381607 0.009175669093912072
