1 val: 0.11651823520660401 0.008844956449076992
2 val: 0.11557525843381881 0.009571027723315024
3 val: 0.11575717777013779 0.01077324664884737
4 val: 0.11406443864107133 0.011987919171421377
5 val: 0.11230504363775254 0.012306240912497867
6 val: 0.11050538569688798 0.012719289478122854
7 val: 0.10917626470327377 0.011133714935911707
8 val: 0.1070980042219162 0.012791845297928402
9 val: 0.1054732158780098 0.011447891346599811
10 val: 0.1044089987874031 0.011656089329108936
11 val: 0.10432448387145996 0.012458526988531171
12 val: 0.10306936353445054 0.011548347307533326
13 val: 0.10283387005329132 0.011353803371915725
14 val: 0.10291723310947418 0.010644707105007952
15 val: 0.10230338424444199 0.010069896652537623
16 val: 0.10130258947610855 0.009960730084427704
17 val: 0.1006987676024437 0.009897390587495537
18 val: 0.09967875182628631 0.009673119478056616
19 val: 0.0995586022734642 0.008909212611516042
20 val: 0.0997346818447113 0.00984659278194606
21 val: 0.09843606501817703 0.009681678254977727
22 val: 0.09880927205085754 0.009490453650978895
23 val: 0.09814463108778 0.008745796183839328
24 val: 0.09858211129903793 0.00952406202311107
25 val: 0.09800804257392884 0.008934617137659138
26 val: 0.09742837399244308 0.009173325050910989
27 val: 0.09629176706075668 0.008640046519355979
28 val: 0.0958464652299881 0.008646707524609418
29 val: 0.09585872292518616 0.009283396637653422
30 val: 0.09521886259317398 0.009084373630241237
31 val: 0.09500550925731659 0.00856936887282149
32 val: 0.09486913979053498 0.008025176654393503
33 val: 0.09428044706583023 0.008301877260167734
34 val: 0.09396269023418427 0.008196129612179496
35 val: 0.09426120072603225 0.008674713059678525
36 val: 0.09356389194726944 0.00854039601987814
37 val: 0.09342999458312988 0.008783635686127889
38 val: 0.09321354925632477 0.008420846423933658
39 val: 0.09288093000650406 0.00884240870526512
40 val: 0.09334122985601426 0.008376857734220842
41 val: 0.09289537370204926 0.00900718646624153
42 val: 0.0925745964050293 0.00862938692582048
43 val: 0.09272005558013915 0.008859071877091796
44 val: 0.09192305356264115 0.008566248543891961
45 val: 0.0917638972401619 0.008768910056892391
46 val: 0.09190549105405807 0.008858956205990516
47 val: 0.09149792045354843 0.008875032798687722
48 val: 0.09182159900665283 0.008814703296404247
49 val: 0.09249081164598465 0.008424362771648063
50 val: 0.09101686775684356 0.008457907204067684
51 val: 0.09088434875011445 0.008756131859244317
52 val: 0.0909032478928566 0.008404811132646432
53 val: 0.09124757051467895 0.008589923358425582
54 val: 0.09069470316171646 0.008034536906106664
55 val: 0.09065697640180588 0.008586965002907825
56 val: 0.0904647171497345 0.009234332626531292
57 val: 0.09025019407272339 0.009292735868680718
58 val: 0.09004389494657516 0.00931951088772456
59 val: 0.08984512984752654 0.008931418335491622
60 val: 0.08967783749103546 0.008996566217189222
61 val: 0.08922728002071381 0.009056918202121815
62 val: 0.08929187655448914 0.009414044970797843
63 val: 0.08929773271083832 0.009179145924174893
64 val: 0.08876971751451493 0.00964948734708922
65 val: 0.08911618739366531 0.009789159525962023
66 val: 0.08884072452783584 0.009806310956029579
67 val: 0.08861816078424453 0.009680372658117296
68 val: 0.08832810074090958 0.009854378595926031
69 val: 0.08845720738172531 0.009912783848014988
70 val: 0.08841016590595245 0.010085719181559746
