1 val: 0.13487186878919602 0.011416182010028957
2 val: 0.13188368380069732 0.012338412815333169
3 val: 0.13146019577980042 0.012017731161808959
4 val: 0.13111547082662584 0.011892149755896175
5 val: 0.13097613900899888 0.011895056339748944
6 val: 0.13096525073051452 0.011354749156368105
7 val: 0.13130262792110442 0.011091625981455553
8 val: 0.13124924749135972 0.0117894562599901
9 val: 0.13085953146219254 0.011077269602618515
10 val: 0.13095767945051193 0.011716267150960701
11 val: 0.13146601021289825 0.01154785488486694
12 val: 0.13034274578094482 0.011647431967882274
13 val: 0.13044028133153915 0.012279860194613747
14 val: 0.13027527779340745 0.012119624966138356
15 val: 0.13042910546064376 0.012916514161055648
16 val: 0.12978211641311646 0.012929504878529454
17 val: 0.12952782660722734 0.013269575099242594
18 val: 0.12878028452396392 0.013943284364174984
19 val: 0.12891292423009873 0.013228018458022803
20 val: 0.128704172372818 0.013525589771117119
21 val: 0.1290175974369049 0.013583773389517355
22 val: 0.1290525421500206 0.013869156143563089
23 val: 0.12906233370304107 0.013685497782261401
24 val: 0.12869923412799836 0.014142533849069178
25 val: 0.12881074249744415 0.013737275401683922
26 val: 0.12884131520986558 0.013260431763284774
27 val: 0.12848830670118333 0.013960887923338092
28 val: 0.1287141427397728 0.013365451148381604
29 val: 0.12890988141298293 0.013412560894021467
30 val: 0.1289050340652466 0.013541778513607963
31 val: 0.1289687931537628 0.013939049703139568
32 val: 0.12876728177070618 0.013945525528361764
33 val: 0.12887153178453445 0.012609784900767
34 val: 0.12848144620656968 0.01330470785341141
35 val: 0.12863061130046843 0.013612118761605937
36 val: 0.12859590351581573 0.013149052841166183
37 val: 0.1280147537589073 0.013535201352946785
38 val: 0.12857999056577682 0.013621888106840207
39 val: 0.12889582365751268 0.013038937588573893
40 val: 0.12884145230054855 0.013334157602483444
41 val: 0.12795771956443786 0.013463792034614563
42 val: 0.12838359773159028 0.013166900714869968
43 val: 0.1285332277417183 0.013507583569820427
44 val: 0.12831366658210755 0.013533497809291636
45 val: 0.1281617045402527 0.01375575745183034
46 val: 0.12821580916643144 0.013490262428283929
47 val: 0.1281329870223999 0.013272030436980824
48 val: 0.1282389059662819 0.013383450273897073
49 val: 0.12843447029590607 0.01287775061796043
50 val: 0.12838949561119078 0.013214588704783752
