1 val: 0.1336534395813942 0.01165329063681332
2 val: 0.1279235824942589 0.01195686476490255
3 val: 0.12539763897657394 0.012182163462603656
4 val: 0.12355010807514191 0.012976061418636877
5 val: 0.12213509976863861 0.012761952989607193
6 val: 0.12100680619478225 0.012180636981247193
7 val: 0.12043915688991547 0.012760225771071174
8 val: 0.12007521837949753 0.012320022374742489
9 val: 0.12000785171985626 0.01239600052437575
10 val: 0.11966554969549179 0.012347135425655135
11 val: 0.11944047808647155 0.012264797455612146
12 val: 0.1194582462310791 0.012662178573414246
13 val: 0.11937355399131774 0.012867352035051582
14 val: 0.11943055987358094 0.012375761709344726
15 val: 0.11901690810918808 0.01244034909775059
16 val: 0.11940717101097106 0.012497269327899373
17 val: 0.11918189376592636 0.012497635130702928
18 val: 0.1189283013343811 0.012396206839346512
19 val: 0.11922644227743148 0.012259676246761685
20 val: 0.11934398263692855 0.012532045792260704
21 val: 0.11895454078912734 0.013069161098764612
22 val: 0.11924417465925216 0.012155072770854734
23 val: 0.11870806515216828 0.012335667655086228
24 val: 0.11967400759458542 0.01200609283238322
25 val: 0.11912399530410767 0.012442860795166336
26 val: 0.1193407729268074 0.013052406112719826
27 val: 0.11893799602985382 0.012874951134005544
28 val: 0.11947536915540695 0.012929045233443634
29 val: 0.11966586410999298 0.012874722407564026
30 val: 0.11928038150072098 0.012771762016883069
31 val: 0.11938688457012177 0.0121826383025234
32 val: 0.11919542104005813 0.012152913618827046
33 val: 0.11899835169315338 0.01251063848445743
34 val: 0.11929316073656082 0.01234658309279487
35 val: 0.1193206712603569 0.012275528336602804
36 val: 0.1197063148021698 0.012530097967446592
37 val: 0.11931749433279037 0.012672100367143955
38 val: 0.11889391094446182 0.01271821188845726
39 val: 0.11895581781864166 0.012446938900986311
40 val: 0.11934624463319779 0.012254671502598548
41 val: 0.11882618516683578 0.012495869836619
42 val: 0.11842636466026306 0.012400071880685258
43 val: 0.11882926523685455 0.011986833427690054
44 val: 0.11857888102531433 0.01192734624427216
45 val: 0.1185288593173027 0.012527826956058526
46 val: 0.11863403767347336 0.012219651850533798
47 val: 0.11844711303710938 0.01226635052182472
48 val: 0.11828434765338898 0.012155422258376227
49 val: 0.11881811916828156 0.012251580861836316
50 val: 0.1187224954366684 0.012142352229419125
