1 val: 0.08748730719089508 0.008857867172541075
2 val: 0.08669442981481552 0.009463332787995387
3 val: 0.0853850394487381 0.008570214787569216
4 val: 0.0836702510714531 0.00862239090114808
5 val: 0.08185608088970184 0.008038671557461905
6 val: 0.08050601482391358 0.008648850723231188
7 val: 0.07959290146827698 0.008868726787719513
8 val: 0.07911720424890518 0.009132813135872215
9 val: 0.07844723612070084 0.008820327136128743
10 val: 0.07793043851852417 0.008748236994870703
11 val: 0.07741764932870865 0.008985370946975739
12 val: 0.07693852484226227 0.009171971165752057
13 val: 0.0769226610660553 0.009096266222634824
14 val: 0.0764655277132988 0.00905652973029771
15 val: 0.07628810703754425 0.00903062188021031
16 val: 0.0760265663266182 0.009096704982393958
17 val: 0.07572597414255142 0.009338765054093845
18 val: 0.0755334123969078 0.008869048351007248
19 val: 0.0755369707942009 0.009147545237668482
20 val: 0.07527918815612793 0.009227343003159218
21 val: 0.07514526247978211 0.009261792200924443
22 val: 0.07487131059169769 0.009080949875123564
23 val: 0.07462207525968552 0.00903704417035952
24 val: 0.07494301199913025 0.00910170858909433
25 val: 0.07464898079633712 0.00940410114328734
26 val: 0.07470340877771378 0.009044354818055548
27 val: 0.07433992773294448 0.009086037395033917
28 val: 0.07437395751476288 0.009124152110210738
29 val: 0.07438158541917801 0.009118783802337754
30 val: 0.07428727746009826 0.009131050602662193
31 val: 0.07429731041193008 0.00932977761224551
32 val: 0.0742243230342865 0.009465832122283321
33 val: 0.07442290633916855 0.009257052209465967
34 val: 0.07413157671689988 0.009239457765667446
35 val: 0.07392299920320511 0.009220382702221759
36 val: 0.07404011636972427 0.009298597816929575
37 val: 0.07394375503063202 0.009361972312589754
38 val: 0.07404237687587738 0.009217989053731907
39 val: 0.0738554298877716 0.009461369585555698
40 val: 0.07374580651521682 0.009243461732262617
41 val: 0.07376799434423446 0.00916472316284395
42 val: 0.07375469207763671 0.009103031883480318
43 val: 0.0738174095749855 0.009225671343736044
44 val: 0.07361192405223846 0.00932299035675726
45 val: 0.07377089858055115 0.009446926525217923
46 val: 0.07370810508728028 0.009229786057137252
47 val: 0.07352801859378814 0.0092069396010834
48 val: 0.07362357079982758 0.00940715640960201
49 val: 0.07374881654977798 0.009164511996968074
50 val: 0.07340258210897446 0.009158980159827903
51 val: 0.07358916699886323 0.009217457089298572
52 val: 0.07353801131248475 0.00922299939236299
53 val: 0.07352161109447479 0.009256608110237173
54 val: 0.07344613522291184 0.009141263627073836
55 val: 0.07358554899692535 0.00923517035764622
56 val: 0.07349354475736618 0.009198704160875542
57 val: 0.07356306314468383 0.009424137984568601
58 val: 0.07329912334680558 0.00911253030088688
59 val: 0.0734522745013237 0.009344138483468338
60 val: 0.07353585958480835 0.009119068667753409
61 val: 0.07341796010732651 0.009237814283680541
62 val: 0.07342463582754136 0.009252915223683347
63 val: 0.07343356907367707 0.009207140670976315
64 val: 0.07334738969802856 0.009204134784461726
65 val: 0.07348156124353408 0.009233443408972404
66 val: 0.07353296726942063 0.009164953476013558
67 val: 0.07330747693777084 0.009280070187074196
68 val: 0.07329146564006805 0.009236327638077902
69 val: 0.073337821662426 0.009197189260412866
70 val: 0.07326332628726959 0.009221111971935293
