1 val: 0.09917279481887817 0.00831075034042778
2 val: 0.09880100041627884 0.008323488331001825
3 val: 0.09760996103286743 0.008232010963934907
4 val: 0.09780971556901932 0.00793489399367599
5 val: 0.09733640253543854 0.00837566220156408
6 val: 0.09747805744409561 0.008577451183097237
7 val: 0.09715622663497925 0.00894444845906926
8 val: 0.09705120921134949 0.009373969705626803
9 val: 0.09652124643325806 0.008989332875916998
10 val: 0.0960718959569931 0.009368808563288278
11 val: 0.09641356766223907 0.009620185419352124
12 val: 0.09570979624986649 0.009168586375744917
13 val: 0.09545144736766815 0.00894103183582019
14 val: 0.09484899938106536 0.008510943779896803
15 val: 0.09439276307821273 0.008355426060542414
16 val: 0.0930444911122322 0.008497936423206986
17 val: 0.09311353117227554 0.008779444664710279
18 val: 0.09155832529067993 0.008906455506003835
19 val: 0.09144335389137268 0.00887456224337146
20 val: 0.09052110612392425 0.008241001819601452
21 val: 0.08981601297855377 0.00837654776855676
22 val: 0.08923969715833664 0.008418338114241135
23 val: 0.08879590183496475 0.008411247616714461
24 val: 0.08824147433042526 0.008511544915970911
25 val: 0.08838151395320892 0.008352993007109654
26 val: 0.08772389441728592 0.008529361174902585
27 val: 0.08748043924570084 0.007905378319932797
28 val: 0.08694749474525451 0.0082684155372546
29 val: 0.08679358959197998 0.0082826586639749
30 val: 0.08646555691957473 0.008747804491866209
31 val: 0.08647121042013169 0.008063595673964932
32 val: 0.08578023314476013 0.0076676639263293205
33 val: 0.08526448309421539 0.008363156055856233
34 val: 0.08517738580703735 0.008376231003299633
35 val: 0.08510325849056244 0.008653573398326649
36 val: 0.08468464910984039 0.008314027328947381
37 val: 0.0848648950457573 0.008242598741891134
38 val: 0.08477718681097031 0.008164791332542717
39 val: 0.08451733142137527 0.008260347263639937
40 val: 0.08424175232648849 0.007957669767944936
41 val: 0.08390936404466628 0.008099390799754861
42 val: 0.08395249545574188 0.008507087111013622
43 val: 0.08421324789524079 0.008382157226276008
44 val: 0.08355002254247665 0.00837728390077434
45 val: 0.0833470419049263 0.008191065021150712
46 val: 0.08344912379980088 0.008222997719136545
47 val: 0.0831838607788086 0.008394362904427511
48 val: 0.08333324044942855 0.008559844227737055
49 val: 0.08338565081357956 0.008276470330983879
50 val: 0.08328268378973007 0.008570548170910245
51 val: 0.0829472690820694 0.008446151222478247
52 val: 0.08293340802192688 0.008398879937392401
53 val: 0.08278778493404389 0.008132764120266948
54 val: 0.08258485794067383 0.007982322512369942
55 val: 0.08299204260110855 0.00834830897486764
56 val: 0.08231849372386932 0.008297319167845698
57 val: 0.08230739831924438 0.008838858450975406
58 val: 0.08195840120315552 0.008906171123763571
59 val: 0.08247741609811783 0.008233873072726104
60 val: 0.082384492456913 0.008290335080630212
61 val: 0.08202155083417892 0.008614988674015969
62 val: 0.08204865008592606 0.008506582788776003
63 val: 0.08224776238203049 0.008360060706935289
64 val: 0.08210628926753998 0.008437048202102965
65 val: 0.08204806745052337 0.008286694113596414
66 val: 0.08186157941818237 0.008169668255958608
67 val: 0.08183275759220124 0.00830412789663258
68 val: 0.08202434182167054 0.008271118428575114
69 val: 0.08197626024484635 0.007986642345456919
70 val: 0.0817684605717659 0.008460893859817128
