1 val: 0.11210174113512039 0.006414986821105391
2 val: 0.11244854032993316 0.007262466961957931
3 val: 0.11277787089347839 0.009192756716537635
4 val: 0.11309911161661149 0.008909797572663417
5 val: 0.1128455013036728 0.00841110751906646
6 val: 0.11320289224386215 0.00913765190065351
7 val: 0.11308720707893372 0.00931351537017946
8 val: 0.11279680281877517 0.00965154259997475
9 val: 0.11296371817588806 0.009969294383190873
10 val: 0.11211856305599213 0.009643457337266516
11 val: 0.11289514601230621 0.010249197838804694
12 val: 0.11315587908029556 0.010148360465344883
13 val: 0.11343638896942139 0.01088159486954355
14 val: 0.11315377056598663 0.0116653064358228
15 val: 0.11412783712148666 0.011306433223475286
16 val: 0.11439184099435806 0.011105032243108532
17 val: 0.11498496532440186 0.010862022064805337
18 val: 0.11434398144483567 0.010915559561896998
19 val: 0.11433270871639252 0.01110624146501044
20 val: 0.11381215155124665 0.010842229248074866
21 val: 0.1135446161031723 0.011255751127854836
22 val: 0.11350143998861313 0.011370634644042912
23 val: 0.11309586763381958 0.011293967589244109
24 val: 0.11326430290937424 0.01142583997711359
25 val: 0.11294523775577545 0.011884286404853674
26 val: 0.11263811886310578 0.01137704709308942
27 val: 0.11257766932249069 0.010686747188612289
28 val: 0.1127790555357933 0.010481006168174578
29 val: 0.11244069933891296 0.011051209912194623
30 val: 0.11261802613735199 0.010834191229261518
31 val: 0.11268405020236968 0.01087518218604611
32 val: 0.11231554299592972 0.010801188557275106
33 val: 0.11250778585672379 0.011078333148636496
34 val: 0.11228097528219223 0.010461236243814927
35 val: 0.11258442401885986 0.010873021229663117
36 val: 0.11194855123758315 0.010777070672216407
37 val: 0.11223965734243393 0.01079000837205821
38 val: 0.11191223263740539 0.01066468024427312
39 val: 0.11224845945835113 0.01102563955315898
40 val: 0.11168815940618515 0.010654797323941857
41 val: 0.1117891475558281 0.011252493513393294
42 val: 0.1113125205039978 0.01080003928186743
43 val: 0.11123116612434387 0.010673122978451674
44 val: 0.11117029339075088 0.010158434303453446
45 val: 0.11105629205703735 0.01049522283550614
46 val: 0.11103457808494568 0.01093735644747651
47 val: 0.11066519170999527 0.010040760161531333
48 val: 0.11098663955926895 0.010285878070051968
49 val: 0.11045407503843307 0.010062152323584284
50 val: 0.11035544872283935 0.010183266103925288
51 val: 0.1104050025343895 0.01064983737517548
52 val: 0.10982159972190857 0.010053629852343877
53 val: 0.11006152629852295 0.01045999401103222
54 val: 0.10976876020431518 0.01016600993171957
55 val: 0.10938794761896134 0.010166098181172964
56 val: 0.10938882678747178 0.010529223174972149
57 val: 0.10936617404222489 0.010160238942588403
58 val: 0.10924464464187622 0.010304991717384426
59 val: 0.10926878154277801 0.010256252746544936
60 val: 0.10930745601654053 0.010492955587074903
61 val: 0.10878427624702454 0.009935885602178994
62 val: 0.10901314169168472 0.009806111825810862
63 val: 0.10860239714384079 0.010339690736896116
64 val: 0.108461132645607 0.010230768156796641
65 val: 0.10847510993480683 0.01003713840037478
66 val: 0.10847890824079513 0.0098353245070779
67 val: 0.10814048498868942 0.010158124599992253
68 val: 0.10805366337299346 0.00996995310833699
69 val: 0.10814317315816879 0.009543532949367045
70 val: 0.10808942914009094 0.009782989563698951
