1 val: 0.09310828298330306 0.00858127777106327
2 val: 0.09240647405385971 0.00880207451293952
3 val: 0.09156627506017685 0.008709677983661521
4 val: 0.0907886266708374 0.008365306800475373
5 val: 0.09131729304790497 0.008366459187504133
6 val: 0.08954900801181793 0.009035160638090352
7 val: 0.08875617980957032 0.00918986900335197
8 val: 0.08708196729421616 0.009769044358658923
9 val: 0.08653816133737564 0.008941385483854314
10 val: 0.08496553301811219 0.008931375793073586
11 val: 0.08412866741418838 0.009245708084229115
12 val: 0.083498315513134 0.008847702751514714
13 val: 0.08279814720153808 0.009012369844483758
14 val: 0.08217156529426575 0.00892246396939761
15 val: 0.08184276521205902 0.008763255545258865
16 val: 0.08093528151512146 0.008960635302403118
17 val: 0.08094367831945419 0.008710365488301106
18 val: 0.08028202801942826 0.00874207555726827
19 val: 0.0800943911075592 0.008686658094979082
20 val: 0.0794235810637474 0.008953474116376372
21 val: 0.0794525384902954 0.00903173683261808
22 val: 0.07923374921083451 0.00890554602258207
23 val: 0.07912793457508087 0.008699575973710665
24 val: 0.07851273566484451 0.009017419137731322
25 val: 0.0787503257393837 0.008836563289229545
26 val: 0.0785078302025795 0.008872233171789224
27 val: 0.07827329188585282 0.009002283765786394
28 val: 0.07784701734781266 0.009007910111382966
29 val: 0.07804788202047348 0.009141968839129141
30 val: 0.07838259190320969 0.008876754512370801
31 val: 0.07816205620765686 0.008717149195500023
32 val: 0.07771431654691696 0.009078746774996474
33 val: 0.07790929675102234 0.009074842931145036
34 val: 0.07723731994628906 0.009134526040993735
35 val: 0.07725728303194046 0.00932082358839093
36 val: 0.07716950327157975 0.009207086420293694
37 val: 0.07719063609838486 0.009237072559341183
38 val: 0.07702553868293763 0.008976409866996249
39 val: 0.07691494822502136 0.00923688122956142
40 val: 0.07674945741891862 0.009030957429169817
41 val: 0.07674358636140824 0.009193791790164751
42 val: 0.07666315585374832 0.00921844384022733
43 val: 0.076711006462574 0.009140816827153732
44 val: 0.07652918249368668 0.009301547566555487
45 val: 0.0763583853840828 0.009407904328712403
46 val: 0.07658448070287704 0.009164281353807554
47 val: 0.07629622519016266 0.009077405406783035
48 val: 0.07631446868181228 0.008880460606863252
49 val: 0.07657870799303054 0.00901581439176495
50 val: 0.07617314010858536 0.009327622730023188
51 val: 0.07622083127498627 0.009351785245796338
52 val: 0.07623518109321595 0.009101551691008342
53 val: 0.07622639089822769 0.009261014918626506
54 val: 0.07622366696596146 0.009165702691558968
55 val: 0.07649742662906647 0.009162022662693397
56 val: 0.07603689879179001 0.009280992861725826
57 val: 0.07619267404079437 0.009186711492868375
58 val: 0.0757837176322937 0.009218719117971065
59 val: 0.0757468357682228 0.00917930034589567
60 val: 0.07602199167013168 0.00941994261112772
61 val: 0.07577455788850784 0.009306583846352454
62 val: 0.07591143399477004 0.009436754261945974
63 val: 0.0758862927556038 0.009162995438796784
64 val: 0.07564814984798432 0.009295426948424222
65 val: 0.07588443458080292 0.009259432934799347
66 val: 0.0755784660577774 0.009055137099229688
67 val: 0.07571456879377365 0.009049645483469893
68 val: 0.07581040412187576 0.009097026394690415
69 val: 0.07564276307821274 0.009179292107930824
70 val: 0.07561655044555664 0.00921749070284301
