1 val: 0.09195145070552826 0.008644213487776352
2 val: 0.09083076566457748 0.008926013089749194
3 val: 0.09009542614221573 0.009181420078642774
4 val: 0.0905032604932785 0.008736562160484941
5 val: 0.0885273277759552 0.00890678311418165
6 val: 0.08631509095430374 0.008518351877754134
7 val: 0.08541952669620514 0.009125050233867768
8 val: 0.08431896418333054 0.009027869839155963
9 val: 0.08360449522733689 0.009332332838969686
10 val: 0.08278533816337585 0.009209954437117458
11 val: 0.0820197343826294 0.009727033102604709
12 val: 0.08138054311275482 0.0095125819892896
13 val: 0.08074564784765244 0.00913617651481844
14 val: 0.08056545853614808 0.009470014589461466
15 val: 0.07998026907444 0.009626917218946322
16 val: 0.07979102879762649 0.009502734566874033
17 val: 0.07922288179397582 0.00990295978338644
18 val: 0.07911175042390824 0.009491258971591681
19 val: 0.07912873029708863 0.009335392716095521
20 val: 0.0787933737039566 0.009964401579432508
21 val: 0.07854290455579757 0.009626535943002154
22 val: 0.0784704715013504 0.009818719478852917
23 val: 0.07838479429483414 0.009693434606356351
24 val: 0.07822179496288299 0.00943176863691316
25 val: 0.07821056097745896 0.009933482450922973
26 val: 0.07818976938724517 0.00944568606224262
27 val: 0.07758647799491883 0.009403027586794798
28 val: 0.07745122909545898 0.009411663575982188
29 val: 0.07808878272771835 0.009560410234191534
30 val: 0.07761435657739639 0.009483487362798481
31 val: 0.07731319367885589 0.009522453982181798
32 val: 0.07739335596561432 0.009372457723081255
33 val: 0.07748598307371139 0.00934879745838759
34 val: 0.07723620235919952 0.009277344222414573
35 val: 0.07725982666015625 0.009578524720046775
36 val: 0.07691205739974975 0.009237958161188633
37 val: 0.07694221436977386 0.009434535696077741
38 val: 0.07701654583215714 0.009540871406344804
39 val: 0.07678765952587127 0.009413925313955008
40 val: 0.0768889993429184 0.00949063938516077
41 val: 0.07676577270030975 0.009616309623630137
42 val: 0.07664835900068283 0.009360230007792136
43 val: 0.07667235881090165 0.009166079837192318
44 val: 0.07667915374040604 0.009304923634452298
45 val: 0.07642592191696167 0.009382045179308886
46 val: 0.07635793387889862 0.009332560772098323
47 val: 0.07626032382249832 0.009379632486098943
48 val: 0.07651057243347167 0.00924035613127945
49 val: 0.07654777765274048 0.009250163651321296
50 val: 0.0761351928114891 0.009370871494447458
51 val: 0.07617250978946685 0.009449722449329304
52 val: 0.07641112357378006 0.009051453399072049
53 val: 0.07608921676874161 0.009187671209639082
54 val: 0.07624788135290146 0.009091861397470195
55 val: 0.07638429701328278 0.009207655380586656
56 val: 0.07622972577810287 0.009111816141545503
57 val: 0.07599637061357498 0.009295752602419688
58 val: 0.07595462501049041 0.009416609170874656
59 val: 0.07624277621507644 0.00921330630735156
60 val: 0.07587184309959412 0.009239121295565589
61 val: 0.07598778009414672 0.0093075379761526
62 val: 0.07614262104034424 0.009192197052844922
63 val: 0.0759165570139885 0.00935130925451905
64 val: 0.07626307159662246 0.009507656953311074
65 val: 0.07589801102876663 0.009471722689542642
66 val: 0.07592050582170487 0.009247007163096382
67 val: 0.07604142129421235 0.009174633489537589
68 val: 0.07591913491487504 0.009570054369735499
69 val: 0.07606437504291534 0.009260786281918006
70 val: 0.07598088830709457 0.00940890363030953
