1 val: 0.09493159353733063 0.007552131309051024
2 val: 0.09393108785152435 0.007910454352089254
3 val: 0.09326612502336502 0.008302803168612122
4 val: 0.09263104647397995 0.008220328979627274
5 val: 0.09241198003292084 0.008393653977458403
6 val: 0.09135574698448182 0.009601121506720647
7 val: 0.08982462137937545 0.009908316887894652
8 val: 0.08900494277477264 0.00993124302759597
9 val: 0.0888034611940384 0.010389984093365612
10 val: 0.08789560496807099 0.01090710570638036
11 val: 0.08777061998844146 0.010790158414871536
12 val: 0.08638229072093964 0.010642171912604206
13 val: 0.0859123408794403 0.010335416576159431
14 val: 0.08536508828401565 0.01038000597504685
15 val: 0.0849971517920494 0.010070074234658354
16 val: 0.08401656150817871 0.010490733136876856
17 val: 0.08371810913085938 0.010632328944137374
18 val: 0.08297454863786698 0.010324519813609385
19 val: 0.08265214562416076 0.010368654675013207
20 val: 0.08241357952356339 0.01036172445711224
21 val: 0.08155292719602585 0.010828087502266458
22 val: 0.08168507665395737 0.010851818994844165
23 val: 0.08121289163827897 0.01069121006985577
24 val: 0.08102533966302872 0.011010782265257039
25 val: 0.08091125339269638 0.010803266655874411
26 val: 0.08084275424480439 0.010824716229052296
27 val: 0.08076778799295425 0.010854421647217973
28 val: 0.07997220903635024 0.0105113192733253
29 val: 0.08010830134153366 0.010305273303593175
30 val: 0.07978196740150452 0.010654730497364404
31 val: 0.07975244373083115 0.010313318805473742
32 val: 0.07948770672082901 0.010625452343133687
33 val: 0.07971367985010147 0.010429281197281369
34 val: 0.07968402653932571 0.010508143223269723
35 val: 0.07943256795406342 0.010793981045129417
36 val: 0.07916566580533982 0.010020277371120283
37 val: 0.07940473407506943 0.010373719827607675
38 val: 0.07896077632904053 0.01044958886910285
39 val: 0.0788697361946106 0.010346356643836527
40 val: 0.07895381897687911 0.01022070688254509
41 val: 0.07871809601783752 0.009989607633033025
42 val: 0.07831398099660873 0.010012581490118681
43 val: 0.07853311598300934 0.010105565022683692
44 val: 0.07819111198186875 0.010012348573923153
45 val: 0.07815201729536056 0.010155681019874921
46 val: 0.0785730630159378 0.010076448427892033
47 val: 0.07855501770973206 0.009958071307060862
48 val: 0.07834269851446152 0.010164636344420256
49 val: 0.0782908782362938 0.009877546414567374
50 val: 0.07798244208097457 0.009907748227985957
51 val: 0.07809233963489533 0.010363952566577263
52 val: 0.07778139859437942 0.009671826225548137
53 val: 0.0779901161789894 0.010001760879895485
54 val: 0.07785554826259614 0.009583832139546099
55 val: 0.078018219769001 0.00977839069851206
56 val: 0.07777512967586517 0.01008683853350872
57 val: 0.07763815969228745 0.010195973069468742
58 val: 0.07782208472490311 0.010078733619300447
59 val: 0.07767048180103302 0.009774345011621532
60 val: 0.07755706310272217 0.010034821751889572
61 val: 0.07761652767658234 0.009929834863883371
62 val: 0.07743728309869766 0.010007195885396261
63 val: 0.07771693766117097 0.00984244076805105
64 val: 0.07749035209417343 0.010157915462035289
65 val: 0.07757586687803268 0.01017744538672813
66 val: 0.07746774405241012 0.00982851632155283
67 val: 0.07728745639324189 0.009912291859013628
68 val: 0.0773362621665001 0.009601278648113205
69 val: 0.07728515714406967 0.009922627799637915
70 val: 0.0772555187344551 0.00970369086015851
