1 val: 0.13258480429649352 0.012746228521575968
2 val: 0.12614862769842147 0.012008150271239762
3 val: 0.12383400946855545 0.011758469096576423
4 val: 0.12179628759622574 0.012092744821508662
5 val: 0.12124005556106568 0.01241647960319205
6 val: 0.1201023131608963 0.01205013108294465
7 val: 0.11984287649393081 0.011988706014392874
8 val: 0.11957732290029525 0.012152601161032516
9 val: 0.1190018743276596 0.011655371627774542
10 val: 0.11865858137607574 0.011561019531112349
11 val: 0.11866537630558013 0.011918474046978164
12 val: 0.11850115060806274 0.012156694956924811
13 val: 0.11857074499130249 0.01199299292981447
14 val: 0.11837141960859299 0.011533156758376193
15 val: 0.11793718338012696 0.011757662972085022
16 val: 0.1180955171585083 0.011999284881609878
17 val: 0.1181859940290451 0.011713552456753545
18 val: 0.11771849095821381 0.011659502873857084
19 val: 0.11770113110542298 0.011719679890354514
20 val: 0.11752436757087707 0.011514019247866073
21 val: 0.11748381555080414 0.01222041188015063
22 val: 0.11789629310369491 0.011863837830897105
23 val: 0.11766087114810944 0.011364663930276882
24 val: 0.11736779510974885 0.011775566089037213
25 val: 0.11803684979677201 0.011732155647036108
26 val: 0.11795185655355453 0.011351786361518658
27 val: 0.11762075573205948 0.011737754732721498
28 val: 0.11803532987833024 0.012138915023587724
29 val: 0.11768271774053574 0.011818705713417197
30 val: 0.11759673357009888 0.011722485653281158
31 val: 0.11787549555301666 0.01149507349070374
32 val: 0.11739635914564132 0.011659133883827841
33 val: 0.11749722510576248 0.011465207687834874
34 val: 0.11739723682403565 0.01191240952718891
35 val: 0.11732812076807023 0.011345915187071976
36 val: 0.11756014376878739 0.011424546271153446
37 val: 0.1171771302819252 0.011650909750580744
38 val: 0.11769548505544662 0.012162255401724376
39 val: 0.11757091581821441 0.011870896023548488
40 val: 0.1177290916442871 0.01188041689545365
41 val: 0.11735968887805939 0.012085987751031462
42 val: 0.1172371506690979 0.011727516158250236
43 val: 0.11761922687292099 0.012020382439292281
44 val: 0.11716735661029816 0.011509764886646054
45 val: 0.11724726259708404 0.012131987263775096
46 val: 0.11766807287931443 0.011675725126997832
47 val: 0.11732176393270492 0.011325675477966868
48 val: 0.11750416904687881 0.011696090608146668
49 val: 0.1173303872346878 0.011554485306145685
50 val: 0.1171884447336197 0.011746503674781559
