1 val: 0.06679960042238235 0.005448424844943382
2 val: 0.06548488512635231 0.006691250359799793
3 val: 0.06527023762464523 0.00753065260248902
4 val: 0.06449857503175735 0.008137416473627606
5 val: 0.0634437695145607 0.008491479163861303
6 val: 0.06162159591913223 0.00804219441867434
7 val: 0.060022450238466266 0.007328964307544446
8 val: 0.058803121000528334 0.007521017224469625
9 val: 0.05816788822412491 0.00775333936526375
10 val: 0.05731403157114982 0.007851311137911376
11 val: 0.056688205897808076 0.007258812432234862
12 val: 0.05590786635875702 0.007357726332415776
13 val: 0.055484460294246675 0.007133800835192464
14 val: 0.05496601015329361 0.007093863736345861
15 val: 0.0546913169324398 0.007043899848878234
16 val: 0.054093170911073685 0.006887717007340082
17 val: 0.054033469408750534 0.006994429319419021
18 val: 0.05352048575878143 0.006893372212687598
19 val: 0.05344363749027252 0.006837151512689524
20 val: 0.05305352583527565 0.006798025947963082
21 val: 0.053073592483997345 0.006743991079838762
22 val: 0.05269832909107208 0.006838151762851551
23 val: 0.05270616263151169 0.006769906332710162
24 val: 0.05253470838069916 0.006901382704543319
25 val: 0.05228845477104187 0.007012705030119853
26 val: 0.05253066942095756 0.006901881421714025
27 val: 0.05228090658783913 0.006785598181881832
28 val: 0.05207775980234146 0.006851702734189631
29 val: 0.05226614326238632 0.006924812419470212
30 val: 0.0518696516752243 0.006961595957207283
31 val: 0.05193378329277039 0.006703522724175209
32 val: 0.05177249237895012 0.006740951899457227
33 val: 0.05172552168369293 0.006887827340128326
34 val: 0.05162950828671455 0.006773682018478794
35 val: 0.051673825830221176 0.006838385679322152
36 val: 0.051565162092447284 0.006820234134324082
37 val: 0.051730651408433914 0.00676373978227057
38 val: 0.05147220939397812 0.006898113237657351
39 val: 0.051539667695760724 0.006718959407589817
40 val: 0.05147046446800232 0.006675241769337807
41 val: 0.05156294256448746 0.00688876787621883
42 val: 0.05143706202507019 0.00678638525661208
43 val: 0.05151928439736366 0.006706542528406589
44 val: 0.05142938494682312 0.0067765165473148885
45 val: 0.051393602043390274 0.0069390979455286415
46 val: 0.051258877664804456 0.006864258774698476
47 val: 0.05122722089290619 0.006818976509476631
48 val: 0.051279266923666 0.006874740242787656
49 val: 0.051291757822036745 0.006976024693507654
50 val: 0.05110509544610977 0.006637549548816464
51 val: 0.051097577810287474 0.006928705310088256
52 val: 0.05119574815034866 0.006919556273101679
53 val: 0.051074539124965665 0.006946427099410425
54 val: 0.05112326815724373 0.006852976278699806
55 val: 0.05101446807384491 0.0069939306685865765
56 val: 0.051067433506250384 0.006999083693002798
57 val: 0.05098195597529411 0.006924748515214776
58 val: 0.05098097175359726 0.006981320822878499
59 val: 0.05099445581436157 0.006748070697876744
60 val: 0.0510164886713028 0.0069256332490857195
61 val: 0.05107790157198906 0.007000983587580932
62 val: 0.05093014165759087 0.006922580740939337
63 val: 0.05092088133096695 0.006940839309208815
64 val: 0.05092070698738098 0.006974021048508369
65 val: 0.050833284854888916 0.007103672383656848
66 val: 0.050946899503469464 0.006855487571007203
67 val: 0.05090167000889778 0.007035793760344379
68 val: 0.05079347714781761 0.006932807493687744
69 val: 0.050836730003356936 0.006967436046317783
70 val: 0.05077517554163933 0.007046142175600499
