1 val: 0.13155398219823838 0.011437955572655948
2 val: 0.12544688880443572 0.01115630301474266
3 val: 0.12346792668104171 0.011719546338862984
4 val: 0.1215656653046608 0.01203740804368119
5 val: 0.12115672379732131 0.012519196938570681
6 val: 0.12001765221357345 0.011500753189439179
7 val: 0.11954831779003143 0.011311439798406625
8 val: 0.11877052634954452 0.011722174595031295
9 val: 0.1189604714512825 0.011881705961300932
10 val: 0.11857403367757798 0.01111390071812897
11 val: 0.11856604814529419 0.011588755772803985
12 val: 0.11813531517982483 0.011837432502494494
13 val: 0.11812436580657959 0.011686492727573865
14 val: 0.11757392585277557 0.01130216325835859
15 val: 0.11777096837759018 0.0114921674808884
16 val: 0.11766064763069153 0.011193849212484739
17 val: 0.11724007576704025 0.011309305389483425
18 val: 0.1170945018529892 0.01122986257576688
19 val: 0.1168747067451477 0.011308023878393796
20 val: 0.11701304763555527 0.011383940675793356
21 val: 0.11709120273590087 0.011288698652383461
22 val: 0.11690286695957183 0.011469293891847367
23 val: 0.11698088496923446 0.01101370815763997
24 val: 0.11715384721755981 0.011657556619017942
25 val: 0.11690057218074798 0.011370628396847594
26 val: 0.11698379963636399 0.011304155587620442
27 val: 0.11675328910350799 0.011471865477704398
28 val: 0.11680930703878403 0.011521806581010175
29 val: 0.11670628786087037 0.011031702622024258
30 val: 0.11699204444885254 0.011716187855639675
31 val: 0.11676404923200608 0.010990115034374283
32 val: 0.11702705174684525 0.011263489509819981
33 val: 0.11670165657997131 0.011113170060725184
34 val: 0.11678397953510285 0.011206840182080383
35 val: 0.11674993485212326 0.011697414183086018
36 val: 0.11663422286510468 0.011157913501066584
37 val: 0.11644016355276107 0.011066808392600507
38 val: 0.11693302839994431 0.011480826311166006
39 val: 0.11648010015487671 0.011353648344578915
40 val: 0.11697503328323364 0.011417735225509216
41 val: 0.11673416048288346 0.01135149682531164
42 val: 0.11633461266756058 0.011156539731811067
43 val: 0.11686893999576568 0.01142986613135972
44 val: 0.11670390069484711 0.011531079302928775
45 val: 0.11651869416236878 0.011348699863344355
46 val: 0.11641348600387573 0.010650489294291762
47 val: 0.11637819558382034 0.01151003482929777
48 val: 0.11637334525585175 0.01137187265144692
49 val: 0.11646467447280884 0.011304713027018042
50 val: 0.11648963987827302 0.011289685900756305
