1 val: 0.08634456098079682 0.008067879645517844
2 val: 0.08561874628067016 0.008180849142256407
3 val: 0.08452686369419098 0.008263014692397532
4 val: 0.08199387192726135 0.008794868846715563
5 val: 0.08024246543645859 0.009528647409544682
6 val: 0.07934414595365524 0.009967898462397186
7 val: 0.0783593475818634 0.01020404285442096
8 val: 0.07826524823904038 0.009965918678997604
9 val: 0.07767873108386994 0.00975101390299797
10 val: 0.07680428326129914 0.00958672094046083
11 val: 0.07674532681703568 0.00987353391115516
12 val: 0.07644411474466324 0.009253290394993329
13 val: 0.0764615848660469 0.009640490689714256
14 val: 0.07611688375473022 0.009329641944028366
15 val: 0.07589824795722962 0.009348423697305541
16 val: 0.07591375410556793 0.009267600730615808
17 val: 0.07561793476343155 0.009730690200462798
18 val: 0.0755615383386612 0.009413580170943188
19 val: 0.07575890272855759 0.009672155724026148
20 val: 0.07520097941160202 0.009889109145052793
21 val: 0.07510545998811721 0.0095553300065573
22 val: 0.07520000338554382 0.00943724463851138
23 val: 0.07498616725206375 0.009424414832570133
24 val: 0.07501236647367478 0.009562144881266974
25 val: 0.07488061338663102 0.009510336114751685
26 val: 0.07487964183092118 0.009215884009522304
27 val: 0.07457620650529861 0.009329043680688556
28 val: 0.07431627213954925 0.009422795464713895
29 val: 0.07451369315385818 0.009291732223445972
30 val: 0.07458006739616393 0.009326306594511283
31 val: 0.07458858042955399 0.009320499117667061
32 val: 0.07442503422498703 0.00927633922165707
33 val: 0.0745137795805931 0.009243710266194164
34 val: 0.07445538341999054 0.008966687671499165
35 val: 0.07433331310749054 0.009357124517956136
36 val: 0.07407002300024032 0.009174154718415742
37 val: 0.07422952204942704 0.009030907682849858
38 val: 0.074000883102417 0.009130242524465851
39 val: 0.07422530055046081 0.009110467947240672
40 val: 0.07418242990970611 0.009313440657629578
41 val: 0.07401020973920822 0.009410518832296754
42 val: 0.07393840700387955 0.009263029875080694
43 val: 0.07410004734992981 0.009194285867285861
44 val: 0.0738426387310028 0.009469970870180216
45 val: 0.07391074448823928 0.009362575822518674
46 val: 0.07385765612125397 0.009099715067555973
47 val: 0.07383429557085038 0.009379735094104778
48 val: 0.07379355132579804 0.009366893672641945
49 val: 0.0740930512547493 0.009282796744814116
50 val: 0.07374028712511063 0.009381770578416564
51 val: 0.07385406792163848 0.009363421489473823
52 val: 0.07394963204860687 0.009246649594295447
53 val: 0.07386249154806138 0.009407271868331298
54 val: 0.07384956032037734 0.009256514557802343
55 val: 0.07384752482175827 0.009270976494564091
56 val: 0.0737402006983757 0.009385646741455209
57 val: 0.0738203540444374 0.009421324812284042
58 val: 0.07364753782749175 0.009314825400158116
59 val: 0.07366869896650315 0.009299363984797736
60 val: 0.07380337715148926 0.009380496012541864
61 val: 0.07404020130634308 0.009476707961166574
62 val: 0.07383081018924713 0.009367549498634893
63 val: 0.0736925944685936 0.009399928564750276
64 val: 0.07362007796764374 0.009214627482265052
65 val: 0.07380718886852264 0.009537314551420557
66 val: 0.07377803325653076 0.009487872376555097
67 val: 0.07382840514183045 0.009365623055801867
68 val: 0.0737153172492981 0.009573937190103314
69 val: 0.07380091100931167 0.009431681067053617
70 val: 0.07368919104337693 0.009362265991787955
