1 val: 0.10708831995725632 0.011855170928119153
2 val: 0.10636785179376602 0.012162901828106164
3 val: 0.10602764785289764 0.012217889070792864
4 val: 0.10691332817077637 0.012447798114330002
5 val: 0.10717315673828125 0.011019589350940849
6 val: 0.10742272585630416 0.01112029072951747
7 val: 0.10778581649065018 0.01203453315753992
8 val: 0.1072911262512207 0.011187868990793059
9 val: 0.10727772265672683 0.0122103685484336
10 val: 0.10752184242010117 0.012401709656819316
11 val: 0.10796070396900177 0.012993025968362411
12 val: 0.10703811049461365 0.011888137505896327
13 val: 0.10545220524072647 0.012302928740849327
14 val: 0.10501383841037751 0.01185272867707577
15 val: 0.10466580539941787 0.012455839627706605
16 val: 0.10410576462745666 0.01226316874192771
17 val: 0.10457760989665985 0.012600018524895371
18 val: 0.10334243178367615 0.012337253259100608
19 val: 0.10386325120925903 0.012574712890040559
20 val: 0.10288894474506378 0.012990665901206245
21 val: 0.10241370052099227 0.01359339682167675
22 val: 0.10256080329418182 0.013488467500123055
23 val: 0.101844422519207 0.012805021388941974
24 val: 0.10199979394674301 0.013176239239839483
25 val: 0.102034193277359 0.012977405130461958
26 val: 0.10129224956035614 0.013092429732537575
27 val: 0.10123179256916046 0.013290556875636335
28 val: 0.10135770440101624 0.01330214264939186
29 val: 0.10112607032060623 0.013438099942966275
30 val: 0.10084759443998337 0.013035983036109889
31 val: 0.10080493539571762 0.012956446155515252
32 val: 0.10054193437099457 0.013516280295762883
33 val: 0.10029089152812957 0.013367413213019772
34 val: 0.09993810057640076 0.013079373264940599
35 val: 0.10034317076206208 0.014226656910628369
36 val: 0.09987722486257553 0.0133801525238232
37 val: 0.09992250353097916 0.013723965502848701
38 val: 0.09999721050262451 0.013579156697920458
39 val: 0.10032275468111038 0.01346342708264876
40 val: 0.09943974167108535 0.01300925691503016
41 val: 0.09939518868923188 0.014031106757676012
42 val: 0.09915019571781158 0.014295565047419702
43 val: 0.098867629468441 0.013493895942832823
44 val: 0.0984595149755478 0.014073532513745143
45 val: 0.09879094511270523 0.01361218460540345
46 val: 0.098795947432518 0.0135887577325201
47 val: 0.09869751632213593 0.013947858118771634
48 val: 0.09891928732395172 0.01430598723096463
49 val: 0.0987047240138054 0.013358636674713584
50 val: 0.09849560260772705 0.013381036752579881
51 val: 0.09828899204730987 0.013403322564860666
52 val: 0.09878658503293991 0.013237458081271336
53 val: 0.09841525554656982 0.013420945209885633
54 val: 0.0986320361495018 0.013016422651774962
55 val: 0.09817316830158233 0.01329269296073529
56 val: 0.09818200916051864 0.013806474002720124
57 val: 0.09776288866996766 0.014211116545610221
58 val: 0.09761087894439698 0.014086481931617274
59 val: 0.09796761572360993 0.01347430960823551
60 val: 0.09780146926641464 0.013226607449187949
61 val: 0.09806933552026749 0.013793897102704941
62 val: 0.09793484658002853 0.013948375641720943
63 val: 0.09771685451269149 0.013691331600957132
64 val: 0.09770945012569428 0.013998262992473844
65 val: 0.09709040820598602 0.013707970668976659
66 val: 0.09770602732896805 0.013712635784886669
67 val: 0.0974657341837883 0.013052427604421555
68 val: 0.09771897792816162 0.01342897270487671
69 val: 0.09721961766481399 0.013472816232644555
70 val: 0.0969771310687065 0.013669943779614065
