1 val: 0.09422902315855027 0.00957829067087835
2 val: 0.09235958606004716 0.00892409141541674
3 val: 0.09134301841259003 0.009661786650687785
4 val: 0.09037830531597138 0.010908928692079812
5 val: 0.08930982202291489 0.012213878381796581
6 val: 0.08698102533817291 0.012887064232530106
7 val: 0.08423467129468917 0.013775066315420996
8 val: 0.08166028112173081 0.01340381536826901
9 val: 0.07995111644268035 0.012721015932082401
10 val: 0.07804437577724457 0.012083739499206297
11 val: 0.07697399407625198 0.011277128854855803
12 val: 0.07571000903844834 0.011222813139204013
13 val: 0.07432648092508316 0.011205027796969783
14 val: 0.073910191655159 0.011205528458273243
15 val: 0.07352570444345474 0.010800447005130954
16 val: 0.07278010249137878 0.010947749308674383
17 val: 0.07230068147182464 0.010805529933621171
18 val: 0.07205963879823685 0.010929268390660047
19 val: 0.07170401215553283 0.01084545785372641
20 val: 0.0710517019033432 0.010312844853579372
21 val: 0.07109885364770889 0.010925381006395854
22 val: 0.07053292244672775 0.010939774992048004
23 val: 0.07018748074769973 0.010548818987563054
24 val: 0.07014284953474999 0.010804169683192711
25 val: 0.06988531574606896 0.010964680986933905
26 val: 0.06975592821836471 0.010648749507753234
27 val: 0.06958084031939507 0.010548788930710951
28 val: 0.06949643418192863 0.01052364347034618
29 val: 0.06932581663131714 0.010276364056660731
30 val: 0.06897384077310562 0.010372714613540123
31 val: 0.06893310546875 0.010294326891028464
32 val: 0.06874943301081657 0.01069534279399245
33 val: 0.0686225987970829 0.010741545790661656
34 val: 0.06873171105980873 0.010395969457102304
35 val: 0.06843322664499282 0.010387318357275226
36 val: 0.06841786429286004 0.010502427807928027
37 val: 0.06842465698719025 0.010258813781396234
38 val: 0.06806349232792855 0.010243275260941822
39 val: 0.06788379773497581 0.010422800893101065
40 val: 0.0678816057741642 0.010394031918619588
41 val: 0.0678256705403328 0.010402741803273816
42 val: 0.0677031196653843 0.010378333758978342
43 val: 0.06767732948064804 0.010367503300002454
44 val: 0.0676662266254425 0.010088555678655919
45 val: 0.06764454990625382 0.010487248717522992
46 val: 0.06739813163876533 0.010226186366935763
47 val: 0.06743199005723 0.010196735033996021
48 val: 0.06732141524553299 0.010162002092114937
49 val: 0.06732327342033387 0.010397998915910627
50 val: 0.06713493019342423 0.01037525137893577
51 val: 0.06716847345232964 0.010278396582094928
52 val: 0.06712085753679276 0.010354792887882927
53 val: 0.06738365516066551 0.01020046068782038
54 val: 0.06700538620352745 0.010312666476468406
55 val: 0.06711095497012139 0.010193718837316876
56 val: 0.06710452735424041 0.010291362019190918
57 val: 0.06721142083406448 0.01014834207369845
58 val: 0.06701762974262238 0.010393393871032212
59 val: 0.06697240620851516 0.010335144222107167
60 val: 0.06672356128692628 0.01038121143009663
61 val: 0.06694248989224434 0.010127059841199037
62 val: 0.06688720360398293 0.010195978114797673
63 val: 0.06681260466575623 0.010441462086368342
64 val: 0.06660253331065177 0.010252306389527517
65 val: 0.06672983542084694 0.010313720723208629
66 val: 0.0668688677251339 0.010038528928036783
67 val: 0.06671599447727203 0.010063081027355463
68 val: 0.06663020402193069 0.01016169423511248
69 val: 0.06677385419607162 0.01025690530854098
70 val: 0.06685192361474038 0.009985962388808372
