1 val: 0.13377343565225602 0.011532041067106777
2 val: 0.13222087770700455 0.010912490092121172
3 val: 0.1315191999077797 0.010979370447014858
4 val: 0.1314808025956154 0.010734455331860343
5 val: 0.13144238591194152 0.011290215008731353
6 val: 0.13124478459358216 0.010745061474406086
7 val: 0.13140033334493637 0.01035975602720607
8 val: 0.1316368356347084 0.010893404028233843
9 val: 0.13146588653326036 0.010176453369798357
10 val: 0.13120613843202591 0.011464927944379906
11 val: 0.13132171034812928 0.010808483953000518
12 val: 0.1310569688677788 0.010913631890574713
13 val: 0.13087349385023117 0.011931914625652304
14 val: 0.13077149391174317 0.01152460947341639
15 val: 0.13127263486385346 0.011511471061126812
16 val: 0.13037518113851548 0.011839324680567451
17 val: 0.13047614693641663 0.011352621696384306
18 val: 0.1308721512556076 0.01218676638135438
19 val: 0.1310056447982788 0.011746422105600602
20 val: 0.12993535846471788 0.012182728249603349
21 val: 0.13009937405586242 0.012693765997054941
22 val: 0.12988297194242476 0.012409970232406125
23 val: 0.12941839396953583 0.012197571203904871
24 val: 0.13002091348171235 0.012726018402988712
25 val: 0.12997299581766128 0.012063189362109341
26 val: 0.13039638102054596 0.0119286476027518
27 val: 0.1296347051858902 0.01231385953414624
28 val: 0.1295675292611122 0.012216923571457669
29 val: 0.12957324534654618 0.012452018606560897
30 val: 0.12985532283782958 0.01196509620002239
31 val: 0.12968174368143082 0.012129006460211233
32 val: 0.13023380637168885 0.012425243725965644
33 val: 0.1300215169787407 0.011506580409555682
34 val: 0.12991965264081956 0.012496537008046649
35 val: 0.13030494898557662 0.012557609819254205
36 val: 0.1297075405716896 0.011605272216659525
37 val: 0.12983651757240294 0.01190536333015183
38 val: 0.13073804080486298 0.012204072906485754
39 val: 0.12990856617689134 0.01113343397549186
40 val: 0.13089079409837723 0.01179398184562347
41 val: 0.12965965121984482 0.011939276773833891
42 val: 0.1300938382744789 0.01111710894822432
43 val: 0.12939674109220506 0.012183327918244625
44 val: 0.1301272004842758 0.011707714228300869
45 val: 0.12960107624530792 0.012067779141869345
46 val: 0.12982914596796036 0.012016593852022162
47 val: 0.12982777804136275 0.01183995917466125
48 val: 0.12956953495740892 0.01170495416977634
49 val: 0.12962175905704498 0.011932667362440362
50 val: 0.12893593162298203 0.012332950171492798
