1 val: 0.0918424442410469 0.00907908413236687
2 val: 0.09065633118152619 0.009073431947193107
3 val: 0.08989380151033402 0.00892796149356693
4 val: 0.08912986069917679 0.010122179216104997
5 val: 0.08846577405929565 0.01118465775269891
6 val: 0.08641982227563857 0.010986731259802486
7 val: 0.08542508184909821 0.011655160366217259
8 val: 0.08332062065601349 0.010429761584717973
9 val: 0.0823591560125351 0.00960253057786328
10 val: 0.08109585344791412 0.009320330053346568
11 val: 0.07976332455873489 0.0089866719846515
12 val: 0.0787640556693077 0.008909311896952866
13 val: 0.0776569351553917 0.009257314184405835
14 val: 0.07710143625736236 0.009129865381788336
15 val: 0.07663128525018692 0.009088764645376059
16 val: 0.0757069617509842 0.009269396650644763
17 val: 0.07517806738615036 0.00963359940029349
18 val: 0.07477647513151169 0.009606501951835558
19 val: 0.07445710003376008 0.009368396300427918
20 val: 0.07410597950220107 0.009501279351271326
21 val: 0.07372338920831681 0.009446117671577799
22 val: 0.0731186255812645 0.009469940204027666
23 val: 0.07323307245969772 0.009578086735473806
24 val: 0.07300860285758973 0.009418667676083728
25 val: 0.0728540301322937 0.009627125358230314
26 val: 0.07278095334768295 0.009712212315754382
27 val: 0.0724200263619423 0.009474327327713283
28 val: 0.07189740240573883 0.009435349899352746
29 val: 0.07215626984834671 0.009170963661104084
30 val: 0.07200471311807632 0.009368386647069396
31 val: 0.07194246798753738 0.009549476982913661
32 val: 0.07165737599134445 0.009403627920707069
33 val: 0.07149987071752548 0.009400288473278276
34 val: 0.07140787243843079 0.009237168818114455
35 val: 0.07131480574607849 0.009193179918632118
36 val: 0.07145532369613647 0.009417880368737063
37 val: 0.07131003588438034 0.009189176702055938
38 val: 0.07105344235897064 0.009247868369902578
39 val: 0.0711408570408821 0.009264369279552088
40 val: 0.0711862176656723 0.009331652865871254
41 val: 0.07111762017011643 0.00967387132500702
42 val: 0.07088951319456101 0.009168805561337675
43 val: 0.0707568421959877 0.009289082980732905
44 val: 0.07073827087879181 0.009387134979290359
45 val: 0.07077826112508774 0.009239453682729258
46 val: 0.07074604630470276 0.009298532599287208
47 val: 0.07062269300222397 0.009130014783141927
48 val: 0.0706654354929924 0.00915115190536994
49 val: 0.0706874281167984 0.009186792498592888
50 val: 0.07059646546840667 0.009271176778633644
51 val: 0.07035295367240905 0.00931150993531432
52 val: 0.07055630832910538 0.009300282951335432
53 val: 0.07046392410993577 0.00912549363714458
54 val: 0.07046001255512238 0.009232061751808397
55 val: 0.07048497647047043 0.009108465872169328
56 val: 0.07037143111228943 0.009272573058831616
57 val: 0.07020001262426376 0.00932071668647044
58 val: 0.0703377142548561 0.009315042030746299
59 val: 0.0703388974070549 0.009154376326729328
60 val: 0.07017724961042404 0.009278798017571817
61 val: 0.0700794741511345 0.009171460830121143
62 val: 0.07007780969142914 0.009207596108360128
63 val: 0.07006756663322448 0.009121294994097702
64 val: 0.070096455514431 0.009288662746585095
65 val: 0.07003237903118134 0.009372383262776125
66 val: 0.06997507810592651 0.008921971792563821
67 val: 0.07007158249616623 0.008949434621300717
68 val: 0.07017335146665574 0.009170563948083878
69 val: 0.06998302489519119 0.009305181970706167
70 val: 0.06981823891401291 0.009319270744502721
