1 val: 0.08620551377534866 0.011060048475369786
2 val: 0.08593158423900604 0.010900861131894389
3 val: 0.08579251021146775 0.010920300166138168
4 val: 0.08571433275938034 0.010936833788506586
5 val: 0.08567338734865189 0.010895103352603592
6 val: 0.0856439158320427 0.010851802340958613
7 val: 0.08561800122261047 0.010831479990348739
8 val: 0.0855902075767517 0.010845267256979626
9 val: 0.08557265996932983 0.010857398114768284
10 val: 0.08555003255605698 0.01085004395076906
11 val: 0.08550928831100464 0.010877832576106099
12 val: 0.08547159433364868 0.010879732722681917
13 val: 0.08545135706663132 0.010909477466988544
14 val: 0.08543952256441116 0.010929026676519099
15 val: 0.08540494740009308 0.010927142015646948
16 val: 0.08540595024824142 0.010897979078642176
17 val: 0.08537832647562027 0.010905842437452812
18 val: 0.0853805735707283 0.010891166327083977
19 val: 0.08535380363464355 0.01088277690963784
20 val: 0.08534258604049683 0.010878054559313571
21 val: 0.0853283628821373 0.010868392010572044
22 val: 0.08533145189285278 0.01085467741795755
23 val: 0.08532393127679824 0.01085311262624418
24 val: 0.08532443940639496 0.010841833287709147
25 val: 0.08531469106674194 0.010853685850842308
26 val: 0.08530564457178116 0.0108562851438463
27 val: 0.08531593084335327 0.010841858544884144
28 val: 0.0853123813867569 0.010837112463213918
29 val: 0.0853007197380066 0.010847550752238587
30 val: 0.085300512611866 0.01085151420684156
31 val: 0.0852914422750473 0.010853205928588943
32 val: 0.08528966456651688 0.010843696360004146
33 val: 0.08528634756803513 0.010846647664426567
34 val: 0.08528657704591751 0.010848842389000812
35 val: 0.08528688997030258 0.010832939827803076
36 val: 0.0852703407406807 0.010845518454512305
37 val: 0.08527482450008392 0.010841926347817159
38 val: 0.08527411371469498 0.010835294667585227
39 val: 0.08526827543973922 0.010842956022426796
40 val: 0.08526832312345504 0.010837595308226517
41 val: 0.08526095896959304 0.010832355870386815
42 val: 0.08525114059448242 0.01083401062165772
43 val: 0.08525151014328003 0.01082564525902679
44 val: 0.08524972200393677 0.010819737972791135
45 val: 0.08524100035429001 0.010817910206252362
46 val: 0.08524748086929321 0.010829314528889742
47 val: 0.08524567037820815 0.010823006647792727
48 val: 0.0852362871170044 0.010828233721971817
49 val: 0.08524144291877747 0.010825373104124727
50 val: 0.08523614406585693 0.010839741977978351
