1 val: 0.13471126854419707 0.011422598271586488
2 val: 0.12813559025526047 0.011643520820798853
3 val: 0.12574434131383896 0.012475028470533426
4 val: 0.12332497537136078 0.012517188365649898
5 val: 0.12258553206920624 0.012547467466812252
6 val: 0.12161591202020645 0.012591138213678896
7 val: 0.12058852314949035 0.012644883792966853
8 val: 0.12062239944934845 0.01235922129972888
9 val: 0.12019098401069642 0.01190389116429338
10 val: 0.11983666121959687 0.012416946719159019
11 val: 0.11990820616483688 0.012283487489072114
12 val: 0.1196057453751564 0.012213166589905728
13 val: 0.11952903717756272 0.012706081733514871
14 val: 0.12014863789081573 0.012271098556935995
15 val: 0.11978796124458313 0.012531653167738544
16 val: 0.1194109708070755 0.012343627905973755
17 val: 0.11961271315813064 0.01220065288905682
18 val: 0.11975212246179581 0.012267940181763526
19 val: 0.11959976553916932 0.012289099961324134
20 val: 0.11984490156173706 0.012342565260557919
21 val: 0.11967670321464538 0.012573170330969724
22 val: 0.11912447363138198 0.012043111592141819
23 val: 0.11923058331012726 0.012651993937850771
24 val: 0.11936351656913757 0.012430501346054947
25 val: 0.11946452856063842 0.012111657838312044
26 val: 0.11936482936143875 0.01226929687488858
27 val: 0.11913890838623047 0.01233374653905498
28 val: 0.11967077106237411 0.01237692827484156
29 val: 0.11912546306848526 0.011508211032682781
30 val: 0.11965258866548538 0.012483707835678466
31 val: 0.11941470354795455 0.012250185255395635
32 val: 0.11857999712228776 0.01265028224253101
33 val: 0.11900761425495147 0.012021541614114941
34 val: 0.11920690834522248 0.011852364538226082
35 val: 0.11892797648906708 0.011711538310591392
36 val: 0.11886072009801865 0.011808658867173727
37 val: 0.11866700798273086 0.012217042755805915
38 val: 0.11916871815919876 0.012628536454255216
39 val: 0.1188111811876297 0.01172483850206167
40 val: 0.11871972680091858 0.012048870153525683
41 val: 0.11898786425590516 0.012444891823379753
42 val: 0.11871981173753739 0.012412701805188876
43 val: 0.11856245696544647 0.0119603404928603
44 val: 0.11842290908098221 0.011555437595874345
45 val: 0.1187661349773407 0.011876711579156278
46 val: 0.11829303205013275 0.01208657804146548
47 val: 0.11862668097019195 0.012213392789274915
48 val: 0.11842780113220215 0.01207467709013767
49 val: 0.11836617290973664 0.012200011213834133
50 val: 0.11873106956481934 0.012689855821381291
