1 val: 0.09578637033700943 0.007661676383487591
2 val: 0.09468206465244293 0.00780760909298688
3 val: 0.09439529627561569 0.007744327426477964
4 val: 0.09380929917097092 0.007945059738764587
5 val: 0.09444271177053451 0.008484658287884674
6 val: 0.09372904598712921 0.009546559217213486
7 val: 0.09431397467851639 0.00935482542022264
8 val: 0.09291223138570785 0.009532477110813408
9 val: 0.09163206964731216 0.009693724236514998
10 val: 0.09101395159959794 0.010349286254618353
11 val: 0.09026379138231277 0.011070830484620313
12 val: 0.08968958705663681 0.010755428809854783
13 val: 0.08828504532575607 0.010054814775867275
14 val: 0.08775579780340195 0.010234752594403197
15 val: 0.08751915544271469 0.010166823109728468
16 val: 0.08629619628190995 0.009979758751284595
17 val: 0.08594488054513931 0.010298028572906017
18 val: 0.08480077981948853 0.010076822400371131
19 val: 0.08482232093811035 0.00985265050588377
20 val: 0.08383811265230179 0.00996734065211501
21 val: 0.0838917464017868 0.010115959762977425
22 val: 0.08308889567852021 0.010111772683950611
23 val: 0.08289381712675095 0.010118537019994695
24 val: 0.08207961022853852 0.010303755232567251
25 val: 0.0819987565279007 0.010009635182415723
26 val: 0.08248231858015061 0.010165924341319627
27 val: 0.08179590851068497 0.010102921359148137
28 val: 0.08149382025003434 0.010331895899732085
29 val: 0.08095702975988388 0.010371925405593957
30 val: 0.08102005273103714 0.01038818851034184
31 val: 0.08088776618242263 0.010271551627926832
32 val: 0.08075277358293534 0.010414271361846606
33 val: 0.080675308406353 0.010036225551089791
34 val: 0.08061026781797409 0.010512393762957555
35 val: 0.08026057630777358 0.010653832184139901
36 val: 0.07966582179069519 0.010390959587509293
37 val: 0.08026778250932694 0.010277298144689374
38 val: 0.0800279438495636 0.01052169555957764
39 val: 0.08024598509073258 0.010269560445498335
40 val: 0.07970205694437027 0.010063028416717463
41 val: 0.07981844544410706 0.010429847226706099
42 val: 0.07943418323993683 0.01034715301180451
43 val: 0.07943667471408844 0.010199242627710674
44 val: 0.07916016280651092 0.01055737478274713
45 val: 0.07914346605539321 0.010232863700082017
46 val: 0.07902317047119141 0.01017300209206246
47 val: 0.07894091010093689 0.01025163791699397
48 val: 0.07915791720151902 0.01057537078954053
49 val: 0.07904096245765686 0.010328509606373314
50 val: 0.07887723594903946 0.010136623161816962
51 val: 0.07861343771219254 0.010425359953297835
52 val: 0.07849969267845154 0.009945073599973268
53 val: 0.07838578522205353 0.009790549466242492
54 val: 0.07853498607873917 0.009731982280850577
55 val: 0.07848276495933533 0.009840295178613087
56 val: 0.07858516871929169 0.009791377046655458
57 val: 0.07810139954090119 0.009965735400335799
58 val: 0.0784745067358017 0.010014747447672709
59 val: 0.07815564572811126 0.009812987242555563
60 val: 0.07822047173976898 0.009970213749566565
61 val: 0.07819806188344955 0.009990924716610759
62 val: 0.07823269367218018 0.009945850275104811
63 val: 0.07802589237689972 0.00970300307113551
64 val: 0.07825634032487869 0.00986668142242202
65 val: 0.07821093797683716 0.00998870947409158
66 val: 0.0782125860452652 0.009699888298591199
67 val: 0.07762452214956284 0.009829339104192406
68 val: 0.07804462909698487 0.009468198265465536
69 val: 0.07793254256248475 0.00978516101563996
70 val: 0.07805140912532807 0.010040905480063441
