1 val: 0.09171676039695739 0.008807326596569668
2 val: 0.09102748334407806 0.008903555269348313
3 val: 0.09114702492952347 0.008666618696818416
4 val: 0.09022589772939682 0.008087447063340336
5 val: 0.09074146747589111 0.007205419278070445
6 val: 0.08997016251087189 0.007244910971944487
7 val: 0.08968608528375625 0.007508685739272204
8 val: 0.08887283354997635 0.007936135202952131
9 val: 0.08866321742534637 0.00820223589029423
10 val: 0.08827783763408661 0.008352092476401944
11 val: 0.08813651949167252 0.008027262811342573
12 val: 0.08792009651660919 0.008203405637447649
13 val: 0.08782432526350022 0.008252772455503682
14 val: 0.08819490969181061 0.008009989060674986
15 val: 0.08769170045852662 0.008425456463845073
16 val: 0.08764202445745468 0.008199528306785794
17 val: 0.08749472498893737 0.008240075553019427
18 val: 0.08730088472366333 0.008716449631518745
19 val: 0.08775304853916169 0.008409613455179378
20 val: 0.08748165220022201 0.008324514017247648
21 val: 0.08675980865955353 0.008590133221018216
22 val: 0.0872228279709816 0.008650499177015387
23 val: 0.08725209236145019 0.008947204227096764
24 val: 0.08699849992990494 0.00858418284514015
25 val: 0.08738664835691452 0.008455562636465325
26 val: 0.08723846971988677 0.008272752021138297
27 val: 0.08669350296258926 0.008705530889131508
28 val: 0.0869852215051651 0.008168494540947598
29 val: 0.0867031067609787 0.008409004178482338
30 val: 0.08677804917097091 0.008899006146792137
31 val: 0.0870176076889038 0.008718946654814269
32 val: 0.08692106753587722 0.00900497330997653
33 val: 0.08691888749599457 0.008888311833806933
34 val: 0.08679220229387283 0.008713378743642124
35 val: 0.0867957592010498 0.008800556222735652
36 val: 0.0866686686873436 0.008862033192455501
37 val: 0.08660245686769485 0.009051443161462934
38 val: 0.08655216097831726 0.008605529304027398
39 val: 0.0866603210568428 0.009005608016207908
40 val: 0.08649626076221466 0.008655984477468641
41 val: 0.0865524485707283 0.008865822892663244
42 val: 0.08679780811071396 0.008746961809647898
43 val: 0.0867244079709053 0.008855611491488502
44 val: 0.08648009002208709 0.00871458554483376
45 val: 0.08667531013488769 0.008778267643951662
46 val: 0.08645336031913757 0.009010656255461918
47 val: 0.08666055351495743 0.008768562688875577
48 val: 0.08683095127344131 0.008577901455972037
49 val: 0.08659864962100983 0.008910584767660506
50 val: 0.08630140125751495 0.008680295421935486
51 val: 0.08631312996149063 0.008993082514907135
52 val: 0.08631474077701569 0.008712028230778617
53 val: 0.08650553673505783 0.008880855320507718
54 val: 0.08650111258029938 0.008877397134428306
55 val: 0.08646284639835358 0.008999619340346019
56 val: 0.08632869124412537 0.008865934930280954
57 val: 0.08640392422676087 0.009240501325703948
58 val: 0.0861420452594757 0.00890928450044991
59 val: 0.08602252304553985 0.008730609235867577
60 val: 0.08585029691457749 0.009115164967981348
61 val: 0.08598321527242661 0.008983793461694051
62 val: 0.08628944605588913 0.008944673418462336
63 val: 0.08589400798082351 0.009051767811112794
64 val: 0.0863142415881157 0.009445083280232977
65 val: 0.08638473153114319 0.008834871116333584
66 val: 0.08626915365457535 0.008985103843965503
67 val: 0.08618870079517364 0.009030563776832853
68 val: 0.08624168783426285 0.009077227561385614
69 val: 0.08617169260978699 0.009088297114362731
70 val: 0.08623275756835938 0.00911664858711037
