1 val: 0.13387365490198136 0.0121191135888561
2 val: 0.13200295716524124 0.011912147917874906
3 val: 0.13162162005901337 0.011479169255324393
4 val: 0.13041843622922897 0.011986484874989918
5 val: 0.13037064671516418 0.012727368315144089
6 val: 0.1300297349691391 0.012066301106497071
7 val: 0.13044595420360566 0.011530599486047025
8 val: 0.13021113276481627 0.012038371776465759
9 val: 0.13011027425527572 0.011004276004152798
10 val: 0.13052052706480027 0.012335872395227158
11 val: 0.13038764894008636 0.011864045236179026
12 val: 0.129877670109272 0.012178639482197124
13 val: 0.13006918579339982 0.012522828878580396
14 val: 0.12994085252285004 0.01263234833209328
15 val: 0.13036358058452607 0.012405243860151597
16 val: 0.12881201803684234 0.012761740443885195
17 val: 0.12862544506788254 0.012521564332787803
18 val: 0.12913305312395096 0.012820728301902557
19 val: 0.1293525755405426 0.013039236869426981
20 val: 0.1291820615530014 0.013426697693683844
21 val: 0.1290401741862297 0.013451029893718642
22 val: 0.12887117266654968 0.013227124389693739
23 val: 0.1291874498128891 0.012696796002506268
24 val: 0.1296517953276634 0.013589143808314772
25 val: 0.12890500724315643 0.013101384914519986
26 val: 0.12936268597841263 0.012862869026291255
27 val: 0.1291221022605896 0.013279702344401114
28 val: 0.12936026602983475 0.01280364018011757
29 val: 0.1295970633625984 0.014074128715067892
30 val: 0.12911614775657654 0.012374991991168927
31 val: 0.12920254915952684 0.01309204081673992
32 val: 0.12972451448440553 0.01319219049480645
33 val: 0.129181607067585 0.01240425988869232
34 val: 0.12917835712432862 0.013277896869479154
35 val: 0.1297463744878769 0.013082608955546448
36 val: 0.12970076948404313 0.01275610400791619
37 val: 0.12972576469182967 0.013313508286554242
38 val: 0.12972752004861832 0.01275813312771838
39 val: 0.1294810429215431 0.011731652885784087
40 val: 0.13028786331415176 0.012542056692583648
41 val: 0.12861066907644272 0.013329354036353287
42 val: 0.12924104779958726 0.011881599859173366
43 val: 0.12941860556602477 0.012595942570133998
44 val: 0.12937813252210617 0.012821558090668145
45 val: 0.12991446405649185 0.012388374040934633
46 val: 0.129502309858799 0.012800170057849532
47 val: 0.1291642352938652 0.012511271679471242
48 val: 0.12945130914449693 0.012349145992900878
49 val: 0.12980186939239502 0.012475389874427714
50 val: 0.12983836233615875 0.011943682858174211
